0.06349206349206349 0.09523809523809523 0.031746031746031744 0.06349206349206349 0.06349206349206349 0.07936507936507936 0.047619047619047616 0.031746031746031744 0.031746031746031744 0.09523809523809523 0.031746031746031744 0.047619047619047616 0.07936507936507936 0.07936507936507936 0.031746031746031744 0.06349206349206349 0.06349206349206349 
0.047619047619047616 0.047619047619047616 0.047619047619047616 0.047619047619047616 0.07142857142857142 0.11904761904761904 0.047619047619047616 0.047619047619047616 0.07142857142857142 0.047619047619047616 0.07142857142857142 0.047619047619047616 0.07142857142857142 0.07142857142857142 0.047619047619047616 0.047619047619047616 0.047619047619047616 
0.027777777777777776 0.05555555555555555 0.041666666666666664 0.027777777777777776 0.041666666666666664 0.09722222222222222 0.041666666666666664 0.027777777777777776 0.041666666666666664 0.2361111111111111 0.041666666666666664 0.05555555555555555 0.041666666666666664 0.06944444444444445 0.08333333333333333 0.027777777777777776 0.041666666666666664 
0.056338028169014086 0.07042253521126761 0.028169014084507043 0.04225352112676056 0.056338028169014086 0.1267605633802817 0.028169014084507043 0.028169014084507043 0.04225352112676056 0.11267605633802817 0.04225352112676056 0.09859154929577464 0.028169014084507043 0.08450704225352113 0.07042253521126761 0.04225352112676056 0.04225352112676056 
0.0958904109589041 0.0684931506849315 0.0684931506849315 0.0821917808219178 0.0273972602739726 0.0410958904109589 0.0684931506849315 0.0410958904109589 0.0410958904109589 0.0410958904109589 0.0273972602739726 0.0958904109589041 0.0273972602739726 0.0821917808219178 0.0684931506849315 0.0273972602739726 0.0958904109589041 
0.05454545454545454 0.07272727272727272 0.03636363636363636 0.09090909090909091 0.07272727272727272 0.05454545454545454 0.07272727272727272 0.03636363636363636 0.03636363636363636 0.09090909090909091 0.07272727272727272 0.05454545454545454 0.03636363636363636 0.07272727272727272 0.05454545454545454 0.05454545454545454 0.03636363636363636 
0.03571428571428571 0.05357142857142857 0.05357142857142857 0.03571428571428571 0.07142857142857142 0.10714285714285714 0.03571428571428571 0.03571428571428571 0.05357142857142857 0.17857142857142858 0.05357142857142857 0.03571428571428571 0.07142857142857142 0.05357142857142857 0.05357142857142857 0.03571428571428571 0.03571428571428571 
0.02666666666666667 0.13333333333333333 0.05333333333333334 0.02666666666666667 0.09333333333333334 0.21333333333333335 0.04 0.04 0.02666666666666667 0.06666666666666667 0.04 0.08 0.04 0.04 0.02666666666666667 0.02666666666666667 0.02666666666666667 
0.03571428571428571 0.08928571428571429 0.03571428571428571 0.08928571428571429 0.10714285714285714 0.07142857142857142 0.03571428571428571 0.03571428571428571 0.07142857142857142 0.05357142857142857 0.03571428571428571 0.03571428571428571 0.08928571428571429 0.10714285714285714 0.03571428571428571 0.03571428571428571 0.03571428571428571 
0.0641025641025641 0.02564102564102564 0.038461538461538464 0.1282051282051282 0.10256410256410256 0.05128205128205128 0.02564102564102564 0.02564102564102564 0.02564102564102564 0.02564102564102564 0.038461538461538464 0.14102564102564102 0.07692307692307693 0.038461538461538464 0.038461538461538464 0.05128205128205128 0.10256410256410256 
0.057692307692307696 0.038461538461538464 0.038461538461538464 0.038461538461538464 0.1346153846153846 0.057692307692307696 0.057692307692307696 0.038461538461538464 0.057692307692307696 0.038461538461538464 0.07692307692307693 0.057692307692307696 0.038461538461538464 0.057692307692307696 0.11538461538461539 0.038461538461538464 0.057692307692307696 
0.04040404040404041 0.020202020202020204 0.0707070707070707 0.08080808080808081 0.15151515151515152 0.050505050505050504 0.020202020202020204 0.020202020202020204 0.050505050505050504 0.0707070707070707 0.050505050505050504 0.06060606060606061 0.030303030303030304 0.04040404040404041 0.1111111111111111 0.050505050505050504 0.08080808080808081 
0.05084745762711865 0.05084745762711865 0.03389830508474576 0.22033898305084745 0.1016949152542373 0.06779661016949153 0.06779661016949153 0.03389830508474576 0.05084745762711865 0.03389830508474576 0.05084745762711865 0.05084745762711865 0.03389830508474576 0.03389830508474576 0.03389830508474576 0.03389830508474576 0.05084745762711865 
0.07758620689655173 0.017241379310344827 0.02586206896551724 0.07758620689655173 0.08620689655172414 0.034482758620689655 0.05172413793103448 0.02586206896551724 0.02586206896551724 0.08620689655172414 0.02586206896551724 0.15517241379310345 0.034482758620689655 0.04310344827586207 0.08620689655172414 0.05172413793103448 0.09482758620689655 
0.05154639175257732 0.041237113402061855 0.05154639175257732 0.030927835051546393 0.07216494845360824 0.17525773195876287 0.061855670103092786 0.020618556701030927 0.041237113402061855 0.1134020618556701 0.07216494845360824 0.05154639175257732 0.020618556701030927 0.061855670103092786 0.030927835051546393 0.020618556701030927 0.08247422680412371 
0.02127659574468085 0.02127659574468085 0.0425531914893617 0.11702127659574468 0.02127659574468085 0.13829787234042554 0.031914893617021274 0.031914893617021274 0.05319148936170213 0.10638297872340426 0.1276595744680851 0.07446808510638298 0.031914893617021274 0.02127659574468085 0.09574468085106383 0.02127659574468085 0.0425531914893617 
0.0273972602739726 0.0410958904109589 0.0684931506849315 0.0410958904109589 0.0273972602739726 0.0547945205479452 0.0410958904109589 0.0273972602739726 0.0410958904109589 0.0684931506849315 0.0547945205479452 0.0821917808219178 0.0273972602739726 0.0684931506849315 0.2465753424657534 0.0547945205479452 0.0273972602739726 
0.03333333333333333 0.03333333333333333 0.06666666666666667 0.1 0.08333333333333333 0.1 0.03333333333333333 0.03333333333333333 0.03333333333333333 0.06666666666666667 0.05 0.03333333333333333 0.03333333333333333 0.08333333333333333 0.13333333333333333 0.03333333333333333 0.05 
0.03076923076923077 0.046153846153846156 0.03076923076923077 0.09230769230769231 0.07692307692307693 0.06153846153846154 0.06153846153846154 0.03076923076923077 0.03076923076923077 0.15384615384615385 0.03076923076923077 0.06153846153846154 0.046153846153846156 0.06153846153846154 0.046153846153846156 0.03076923076923077 0.1076923076923077 
0.028985507246376812 0.10144927536231885 0.028985507246376812 0.057971014492753624 0.08695652173913043 0.07246376811594203 0.028985507246376812 0.028985507246376812 0.043478260869565216 0.15942028985507245 0.07246376811594203 0.043478260869565216 0.057971014492753624 0.028985507246376812 0.08695652173913043 0.028985507246376812 0.043478260869565216 
0.031746031746031744 0.047619047619047616 0.047619047619047616 0.047619047619047616 0.047619047619047616 0.06349206349206349 0.047619047619047616 0.047619047619047616 0.07936507936507936 0.07936507936507936 0.047619047619047616 0.06349206349206349 0.06349206349206349 0.07936507936507936 0.12698412698412698 0.031746031746031744 0.047619047619047616 
0.03636363636363636 0.10909090909090909 0.05454545454545454 0.05454545454545454 0.05454545454545454 0.03636363636363636 0.05454545454545454 0.03636363636363636 0.05454545454545454 0.03636363636363636 0.03636363636363636 0.05454545454545454 0.07272727272727272 0.03636363636363636 0.14545454545454545 0.03636363636363636 0.09090909090909091 
0.0625 0.046875 0.0625 0.046875 0.078125 0.03125 0.046875 0.03125 0.046875 0.0625 0.0625 0.078125 0.09375 0.046875 0.0625 0.0625 0.078125 
0.046875 0.078125 0.03125 0.046875 0.265625 0.03125 0.0625 0.03125 0.046875 0.0625 0.03125 0.109375 0.03125 0.03125 0.03125 0.03125 0.03125 
0.046875 0.046875 0.09375 0.03125 0.125 0.03125 0.078125 0.03125 0.0625 0.078125 0.03125 0.0625 0.03125 0.03125 0.125 0.03125 0.0625 
0.031496062992125984 0.05511811023622047 0.047244094488188976 0.14173228346456693 0.047244094488188976 0.06299212598425197 0.023622047244094488 0.015748031496062992 0.023622047244094488 0.07874015748031496 0.03937007874015748 0.07874015748031496 0.03937007874015748 0.07086614173228346 0.11023622047244094 0.023622047244094488 0.11023622047244094 
0.09230769230769231 0.03076923076923077 0.07692307692307693 0.06153846153846154 0.046153846153846156 0.07692307692307693 0.046153846153846156 0.06153846153846154 0.06153846153846154 0.046153846153846156 0.046153846153846156 0.07692307692307693 0.03076923076923077 0.06153846153846154 0.046153846153846156 0.07692307692307693 0.06153846153846154 
0.05660377358490566 0.03773584905660377 0.03773584905660377 0.03773584905660377 0.05660377358490566 0.03773584905660377 0.09433962264150944 0.03773584905660377 0.05660377358490566 0.05660377358490566 0.05660377358490566 0.1320754716981132 0.09433962264150944 0.07547169811320754 0.03773584905660377 0.03773584905660377 0.05660377358490566 
0.029411764705882353 0.058823529411764705 0.029411764705882353 0.04411764705882353 0.04411764705882353 0.058823529411764705 0.04411764705882353 0.029411764705882353 0.04411764705882353 0.20588235294117646 0.08823529411764706 0.04411764705882353 0.058823529411764705 0.058823529411764705 0.07352941176470588 0.058823529411764705 0.029411764705882353 
0.02702702702702703 0.08108108108108109 0.08108108108108109 0.02702702702702703 0.04054054054054054 0.10810810810810811 0.04054054054054054 0.05405405405405406 0.08108108108108109 0.12162162162162163 0.06756756756756757 0.06756756756756757 0.04054054054054054 0.02702702702702703 0.02702702702702703 0.02702702702702703 0.08108108108108109 
0.02702702702702703 0.02702702702702703 0.04054054054054054 0.20270270270270271 0.22972972972972974 0.04054054054054054 0.02702702702702703 0.02702702702702703 0.04054054054054054 0.02702702702702703 0.04054054054054054 0.08108108108108109 0.04054054054054054 0.04054054054054054 0.04054054054054054 0.02702702702702703 0.04054054054054054 
0.01639344262295082 0.09016393442622951 0.03278688524590164 0.08196721311475409 0.040983606557377046 0.2459016393442623 0.040983606557377046 0.040983606557377046 0.01639344262295082 0.10655737704918032 0.01639344262295082 0.04918032786885246 0.01639344262295082 0.04918032786885246 0.07377049180327869 0.040983606557377046 0.040983606557377046 
0.0410958904109589 0.0547945205479452 0.0273972602739726 0.0547945205479452 0.0273972602739726 0.0958904109589041 0.0410958904109589 0.0273972602739726 0.0273972602739726 0.136986301369863 0.0684931506849315 0.0547945205479452 0.0958904109589041 0.0547945205479452 0.1232876712328767 0.0273972602739726 0.0410958904109589 
0.03125 0.0625 0.0625 0.078125 0.0625 0.046875 0.109375 0.046875 0.046875 0.109375 0.09375 0.046875 0.046875 0.046875 0.03125 0.046875 0.03125 
0.03225806451612903 0.06451612903225806 0.06451612903225806 0.06451612903225806 0.08064516129032258 0.04838709677419355 0.06451612903225806 0.03225806451612903 0.03225806451612903 0.06451612903225806 0.0967741935483871 0.04838709677419355 0.03225806451612903 0.06451612903225806 0.03225806451612903 0.06451612903225806 0.11290322580645161 
0.03571428571428571 0.03571428571428571 0.03571428571428571 0.05357142857142857 0.05357142857142857 0.08928571428571429 0.07142857142857142 0.03571428571428571 0.03571428571428571 0.07142857142857142 0.05357142857142857 0.08928571428571429 0.03571428571428571 0.10714285714285714 0.125 0.03571428571428571 0.03571428571428571 
0.037037037037037035 0.12962962962962962 0.037037037037037035 0.05555555555555555 0.037037037037037035 0.05555555555555555 0.05555555555555555 0.037037037037037035 0.037037037037037035 0.09259259259259259 0.05555555555555555 0.05555555555555555 0.037037037037037035 0.09259259259259259 0.05555555555555555 0.037037037037037035 0.09259259259259259 
0.03409090909090909 0.045454545454545456 0.056818181818181816 0.022727272727272728 0.022727272727272728 0.045454545454545456 0.022727272727272728 0.17045454545454544 0.022727272727272728 0.022727272727272728 0.2159090909090909 0.022727272727272728 0.056818181818181816 0.10227272727272728 0.056818181818181816 0.03409090909090909 0.045454545454545456 
0.023809523809523808 0.03571428571428571 0.023809523809523808 0.20238095238095238 0.047619047619047616 0.05952380952380952 0.023809523809523808 0.023809523809523808 0.05952380952380952 0.16666666666666666 0.047619047619047616 0.05952380952380952 0.03571428571428571 0.03571428571428571 0.07142857142857142 0.03571428571428571 0.047619047619047616 
0.04 0.08 0.08 0.08 0.06 0.06 0.04 0.04 0.04 0.08 0.08 0.04 0.08 0.08 0.04 0.04 0.04 
0.028037383177570093 0.028037383177570093 0.09345794392523364 0.056074766355140186 0.06542056074766354 0.11214953271028037 0.018691588785046728 0.028037383177570093 0.018691588785046728 0.19626168224299065 0.056074766355140186 0.07476635514018691 0.018691588785046728 0.09345794392523364 0.037383177570093455 0.028037383177570093 0.04672897196261682 
0.044444444444444446 0.044444444444444446 0.06666666666666667 0.08888888888888889 0.06666666666666667 0.06666666666666667 0.06666666666666667 0.044444444444444446 0.044444444444444446 0.06666666666666667 0.044444444444444446 0.044444444444444446 0.1111111111111111 0.044444444444444446 0.044444444444444446 0.044444444444444446 0.06666666666666667 
0.05102040816326531 0.07142857142857142 0.04081632653061224 0.1836734693877551 0.08163265306122448 0.04081632653061224 0.030612244897959183 0.02040816326530612 0.030612244897959183 0.10204081632653061 0.030612244897959183 0.030612244897959183 0.030612244897959183 0.08163265306122448 0.08163265306122448 0.030612244897959183 0.061224489795918366 
0.06896551724137931 0.034482758620689655 0.04597701149425287 0.09195402298850575 0.034482758620689655 0.022988505747126436 0.022988505747126436 0.034482758620689655 0.022988505747126436 0.16091954022988506 0.022988505747126436 0.06896551724137931 0.022988505747126436 0.04597701149425287 0.20689655172413793 0.022988505747126436 0.06896551724137931 
0.0196078431372549 0.032679738562091505 0.0392156862745098 0.013071895424836602 0.026143790849673203 0.0196078431372549 0.0196078431372549 0.6535947712418301 0.013071895424836602 0.0196078431372549 0.013071895424836602 0.0196078431372549 0.026143790849673203 0.013071895424836602 0.013071895424836602 0.032679738562091505 0.026143790849673203 
0.03296703296703297 0.02197802197802198 0.03296703296703297 0.14285714285714285 0.08791208791208792 0.03296703296703297 0.03296703296703297 0.02197802197802198 0.04395604395604396 0.054945054945054944 0.02197802197802198 0.17582417582417584 0.03296703296703297 0.07692307692307693 0.03296703296703297 0.02197802197802198 0.13186813186813187 
0.0273972602739726 0.1095890410958904 0.0958904109589041 0.1643835616438356 0.0273972602739726 0.0410958904109589 0.0684931506849315 0.0410958904109589 0.0547945205479452 0.0273972602739726 0.0410958904109589 0.0273972602739726 0.0273972602739726 0.0547945205479452 0.0684931506849315 0.0684931506849315 0.0547945205479452 
0.03076923076923077 0.046153846153846156 0.06153846153846154 0.046153846153846156 0.046153846153846156 0.13076923076923078 0.05384615384615385 0.015384615384615385 0.038461538461538464 0.1 0.038461538461538464 0.11538461538461539 0.07692307692307693 0.03076923076923077 0.07692307692307693 0.038461538461538464 0.05384615384615385 
0.060240963855421686 0.012048192771084338 0.018072289156626505 0.04216867469879518 0.024096385542168676 0.024096385542168676 0.030120481927710843 0.5301204819277109 0.024096385542168676 0.030120481927710843 0.04819277108433735 0.012048192771084338 0.03614457831325301 0.018072289156626505 0.024096385542168676 0.05421686746987952 0.012048192771084338 
0.023809523809523808 0.047619047619047616 0.03571428571428571 0.07142857142857142 0.08333333333333333 0.03571428571428571 0.047619047619047616 0.023809523809523808 0.047619047619047616 0.25 0.09523809523809523 0.047619047619047616 0.03571428571428571 0.03571428571428571 0.03571428571428571 0.023809523809523808 0.05952380952380952 
0.04081632653061224 0.04081632653061224 0.061224489795918366 0.04081632653061224 0.04081632653061224 0.10204081632653061 0.08163265306122448 0.04081632653061224 0.061224489795918366 0.04081632653061224 0.061224489795918366 0.061224489795918366 0.08163265306122448 0.061224489795918366 0.10204081632653061 0.04081632653061224 0.04081632653061224 
0.02631578947368421 0.13157894736842105 0.06578947368421052 0.05263157894736842 0.02631578947368421 0.039473684210526314 0.02631578947368421 0.02631578947368421 0.039473684210526314 0.15789473684210525 0.039473684210526314 0.06578947368421052 0.039473684210526314 0.11842105263157894 0.06578947368421052 0.02631578947368421 0.05263157894736842 
0.05660377358490566 0.07547169811320754 0.03773584905660377 0.05660377358490566 0.07547169811320754 0.03773584905660377 0.07547169811320754 0.03773584905660377 0.09433962264150944 0.05660377358490566 0.03773584905660377 0.03773584905660377 0.09433962264150944 0.03773584905660377 0.11320754716981132 0.03773584905660377 0.03773584905660377 
0.06779661016949153 0.03389830508474576 0.1016949152542373 0.0847457627118644 0.03389830508474576 0.0847457627118644 0.05084745762711865 0.03389830508474576 0.06779661016949153 0.06779661016949153 0.03389830508474576 0.05084745762711865 0.05084745762711865 0.05084745762711865 0.0847457627118644 0.05084745762711865 0.05084745762711865 
0.0273972602739726 0.0547945205479452 0.0410958904109589 0.0547945205479452 0.1780821917808219 0.0547945205479452 0.0410958904109589 0.0273972602739726 0.0410958904109589 0.0684931506849315 0.0684931506849315 0.1232876712328767 0.0410958904109589 0.0547945205479452 0.0273972602739726 0.0273972602739726 0.0684931506849315 
0.045454545454545456 0.12121212121212122 0.030303030303030304 0.030303030303030304 0.07575757575757576 0.09090909090909091 0.030303030303030304 0.045454545454545456 0.06060606060606061 0.06060606060606061 0.07575757575757576 0.09090909090909091 0.045454545454545456 0.06060606060606061 0.06060606060606061 0.030303030303030304 0.045454545454545456 
0.03125 0.078125 0.0625 0.09375 0.109375 0.046875 0.046875 0.03125 0.03125 0.046875 0.03125 0.0625 0.046875 0.046875 0.125 0.046875 0.0625 
0.06557377049180328 0.06557377049180328 0.04918032786885246 0.04918032786885246 0.09836065573770492 0.04918032786885246 0.08196721311475409 0.03278688524590164 0.04918032786885246 0.06557377049180328 0.03278688524590164 0.04918032786885246 0.06557377049180328 0.08196721311475409 0.06557377049180328 0.04918032786885246 0.04918032786885246 
0.07058823529411765 0.047058823529411764 0.09411764705882353 0.047058823529411764 0.08235294117647059 0.10588235294117647 0.023529411764705882 0.047058823529411764 0.09411764705882353 0.03529411764705882 0.023529411764705882 0.07058823529411765 0.07058823529411765 0.023529411764705882 0.047058823529411764 0.023529411764705882 0.09411764705882353 
0.036585365853658534 0.024390243902439025 0.10975609756097561 0.036585365853658534 0.08536585365853659 0.14634146341463414 0.024390243902439025 0.024390243902439025 0.06097560975609756 0.036585365853658534 0.036585365853658534 0.036585365853658534 0.06097560975609756 0.07317073170731707 0.10975609756097561 0.04878048780487805 0.04878048780487805 
0.075 0.05 0.05 0.05 0.05 0.1 0.05 0.075 0.05 0.05 0.05 0.05 0.075 0.05 0.05 0.075 0.05 
0.03773584905660377 0.03773584905660377 0.05660377358490566 0.03773584905660377 0.07547169811320754 0.03773584905660377 0.09433962264150944 0.03773584905660377 0.05660377358490566 0.05660377358490566 0.07547169811320754 0.05660377358490566 0.03773584905660377 0.07547169811320754 0.07547169811320754 0.11320754716981132 0.03773584905660377 
0.11235955056179775 0.0449438202247191 0.06741573033707865 0.056179775280898875 0.0449438202247191 0.033707865168539325 0.11235955056179775 0.0898876404494382 0.056179775280898875 0.033707865168539325 0.02247191011235955 0.056179775280898875 0.10112359550561797 0.033707865168539325 0.033707865168539325 0.07865168539325842 0.02247191011235955 
0.09615384615384616 0.08653846153846154 0.057692307692307696 0.019230769230769232 0.04807692307692308 0.22115384615384615 0.019230769230769232 0.019230769230769232 0.057692307692307696 0.04807692307692308 0.028846153846153848 0.038461538461538464 0.038461538461538464 0.0673076923076923 0.038461538461538464 0.038461538461538464 0.07692307692307693 
0.025510204081632654 0.015306122448979591 0.02040816326530612 0.01020408163265306 0.01020408163265306 0.01020408163265306 0.03571428571428571 0.7040816326530612 0.015306122448979591 0.01020408163265306 0.02040816326530612 0.030612244897959183 0.015306122448979591 0.01020408163265306 0.025510204081632654 0.015306122448979591 0.025510204081632654 
0.043478260869565216 0.08695652173913043 0.043478260869565216 0.043478260869565216 0.043478260869565216 0.043478260869565216 0.08695652173913043 0.043478260869565216 0.043478260869565216 0.06521739130434782 0.06521739130434782 0.06521739130434782 0.06521739130434782 0.06521739130434782 0.08695652173913043 0.043478260869565216 0.06521739130434782 
0.02631578947368421 0.05263157894736842 0.039473684210526314 0.10526315789473684 0.09210526315789473 0.07894736842105263 0.09210526315789473 0.02631578947368421 0.039473684210526314 0.039473684210526314 0.02631578947368421 0.039473684210526314 0.039473684210526314 0.039473684210526314 0.11842105263157894 0.02631578947368421 0.11842105263157894 
0.1092436974789916 0.01680672268907563 0.04201680672268908 0.03361344537815126 0.058823529411764705 0.04201680672268908 0.18487394957983194 0.01680672268907563 0.09243697478991597 0.025210084033613446 0.025210084033613446 0.05042016806722689 0.09243697478991597 0.03361344537815126 0.04201680672268908 0.11764705882352941 0.01680672268907563 
0.03773584905660377 0.07547169811320754 0.05660377358490566 0.07547169811320754 0.03773584905660377 0.09433962264150944 0.03773584905660377 0.03773584905660377 0.07547169811320754 0.07547169811320754 0.03773584905660377 0.07547169811320754 0.07547169811320754 0.03773584905660377 0.07547169811320754 0.03773584905660377 0.05660377358490566 
0.05084745762711865 0.03389830508474576 0.05084745762711865 0.03389830508474576 0.23728813559322035 0.05084745762711865 0.03389830508474576 0.05084745762711865 0.05084745762711865 0.05084745762711865 0.05084745762711865 0.03389830508474576 0.05084745762711865 0.05084745762711865 0.05084745762711865 0.05084745762711865 0.06779661016949153 
0.0625 0.0625 0.052083333333333336 0.0625 0.09375 0.03125 0.0625 0.09375 0.020833333333333332 0.03125 0.041666666666666664 0.03125 0.08333333333333333 0.041666666666666664 0.020833333333333332 0.13541666666666666 0.07291666666666667 
0.03125 0.046875 0.046875 0.078125 0.203125 0.046875 0.046875 0.03125 0.03125 0.078125 0.03125 0.046875 0.03125 0.125 0.046875 0.046875 0.03125 
0.03333333333333333 0.06666666666666667 0.03333333333333333 0.21666666666666667 0.03333333333333333 0.05 0.08333333333333333 0.03333333333333333 0.03333333333333333 0.05 0.03333333333333333 0.06666666666666667 0.08333333333333333 0.06666666666666667 0.05 0.03333333333333333 0.03333333333333333 
0.031914893617021274 0.031914893617021274 0.0425531914893617 0.13829787234042554 0.20212765957446807 0.031914893617021274 0.02127659574468085 0.02127659574468085 0.06382978723404255 0.06382978723404255 0.10638297872340426 0.031914893617021274 0.0425531914893617 0.02127659574468085 0.10638297872340426 0.02127659574468085 0.02127659574468085 
0.046511627906976744 0.06976744186046512 0.06976744186046512 0.11627906976744186 0.06976744186046512 0.06976744186046512 0.046511627906976744 0.046511627906976744 0.046511627906976744 0.046511627906976744 0.046511627906976744 0.046511627906976744 0.06976744186046512 0.046511627906976744 0.06976744186046512 0.046511627906976744 0.046511627906976744 
0.02857142857142857 0.07142857142857142 0.05714285714285714 0.02857142857142857 0.02857142857142857 0.05714285714285714 0.04285714285714286 0.02857142857142857 0.02857142857142857 0.05714285714285714 0.02857142857142857 0.11428571428571428 0.02857142857142857 0.12857142857142856 0.05714285714285714 0.05714285714285714 0.15714285714285714 
0.04819277108433735 0.03614457831325301 0.024096385542168676 0.08433734939759036 0.2289156626506024 0.07228915662650602 0.07228915662650602 0.03614457831325301 0.024096385542168676 0.03614457831325301 0.024096385542168676 0.07228915662650602 0.03614457831325301 0.04819277108433735 0.07228915662650602 0.024096385542168676 0.060240963855421686 
0.029411764705882353 0.04411764705882353 0.029411764705882353 0.08823529411764706 0.22058823529411764 0.07352941176470588 0.04411764705882353 0.029411764705882353 0.07352941176470588 0.10294117647058823 0.04411764705882353 0.029411764705882353 0.029411764705882353 0.04411764705882353 0.04411764705882353 0.029411764705882353 0.04411764705882353 
0.05454545454545454 0.03636363636363636 0.03636363636363636 0.10909090909090909 0.03636363636363636 0.03636363636363636 0.03636363636363636 0.03636363636363636 0.07272727272727272 0.05454545454545454 0.14545454545454545 0.10909090909090909 0.03636363636363636 0.05454545454545454 0.05454545454545454 0.05454545454545454 0.03636363636363636 
0.02564102564102564 0.05128205128205128 0.08974358974358974 0.07692307692307693 0.08974358974358974 0.02564102564102564 0.02564102564102564 0.05128205128205128 0.0641025641025641 0.14102564102564102 0.038461538461538464 0.05128205128205128 0.02564102564102564 0.07692307692307693 0.02564102564102564 0.07692307692307693 0.0641025641025641 
0.046875 0.046875 0.078125 0.078125 0.140625 0.046875 0.046875 0.03125 0.03125 0.0625 0.046875 0.046875 0.046875 0.03125 0.046875 0.03125 0.140625 
0.045454545454545456 0.045454545454545456 0.07575757575757576 0.030303030303030304 0.13636363636363635 0.030303030303030304 0.030303030303030304 0.030303030303030304 0.045454545454545456 0.030303030303030304 0.030303030303030304 0.16666666666666666 0.12121212121212122 0.07575757575757576 0.030303030303030304 0.030303030303030304 0.045454545454545456 
0.08433734939759036 0.03614457831325301 0.024096385542168676 0.10843373493975904 0.07228915662650602 0.03614457831325301 0.060240963855421686 0.03614457831325301 0.03614457831325301 0.024096385542168676 0.024096385542168676 0.14457831325301204 0.024096385542168676 0.10843373493975904 0.03614457831325301 0.03614457831325301 0.10843373493975904 
0.034482758620689655 0.034482758620689655 0.08620689655172414 0.06896551724137931 0.1206896551724138 0.1206896551724138 0.05172413793103448 0.034482758620689655 0.05172413793103448 0.034482758620689655 0.034482758620689655 0.06896551724137931 0.05172413793103448 0.05172413793103448 0.06896551724137931 0.034482758620689655 0.05172413793103448 
0.038461538461538464 0.0641025641025641 0.038461538461538464 0.0641025641025641 0.07692307692307693 0.02564102564102564 0.02564102564102564 0.038461538461538464 0.07692307692307693 0.05128205128205128 0.038461538461538464 0.07692307692307693 0.05128205128205128 0.08974358974358974 0.07692307692307693 0.05128205128205128 0.11538461538461539 
0.03278688524590164 0.06557377049180328 0.02459016393442623 0.06557377049180328 0.4344262295081967 0.06557377049180328 0.03278688524590164 0.01639344262295082 0.01639344262295082 0.06557377049180328 0.01639344262295082 0.01639344262295082 0.040983606557377046 0.040983606557377046 0.02459016393442623 0.01639344262295082 0.02459016393442623 
0.058823529411764705 0.07352941176470588 0.029411764705882353 0.029411764705882353 0.27941176470588236 0.029411764705882353 0.029411764705882353 0.029411764705882353 0.029411764705882353 0.058823529411764705 0.029411764705882353 0.058823529411764705 0.08823529411764706 0.058823529411764705 0.04411764705882353 0.029411764705882353 0.04411764705882353 
0.047619047619047616 0.047619047619047616 0.047619047619047616 0.11904761904761904 0.10714285714285714 0.047619047619047616 0.047619047619047616 0.023809523809523808 0.08333333333333333 0.047619047619047616 0.03571428571428571 0.03571428571428571 0.023809523809523808 0.08333333333333333 0.047619047619047616 0.023809523809523808 0.13095238095238096 
0.04 0.05333333333333334 0.02666666666666667 0.2 0.02666666666666667 0.05333333333333334 0.02666666666666667 0.02666666666666667 0.02666666666666667 0.18666666666666668 0.02666666666666667 0.06666666666666667 0.02666666666666667 0.04 0.09333333333333334 0.02666666666666667 0.05333333333333334 
0.04 0.04 0.04 0.08 0.06 0.04 0.06 0.04 0.06 0.06 0.04 0.06 0.04 0.04 0.06 0.04 0.2 
0.02459016393442623 0.03278688524590164 0.04918032786885246 0.09016393442622951 0.06557377049180328 0.07377049180327869 0.01639344262295082 0.01639344262295082 0.02459016393442623 0.08196721311475409 0.02459016393442623 0.1557377049180328 0.04918032786885246 0.08196721311475409 0.06557377049180328 0.01639344262295082 0.13114754098360656 
0.05194805194805195 0.03896103896103896 0.03896103896103896 0.07792207792207792 0.1038961038961039 0.05194805194805195 0.06493506493506493 0.03896103896103896 0.06493506493506493 0.07792207792207792 0.03896103896103896 0.06493506493506493 0.025974025974025976 0.03896103896103896 0.05194805194805195 0.03896103896103896 0.12987012987012986 
0.03508771929824561 0.03508771929824561 0.05263157894736842 0.10526315789473684 0.03508771929824561 0.03508771929824561 0.05263157894736842 0.05263157894736842 0.07017543859649122 0.07017543859649122 0.03508771929824561 0.03508771929824561 0.14035087719298245 0.03508771929824561 0.10526315789473684 0.03508771929824561 0.07017543859649122 
0.08333333333333333 0.041666666666666664 0.041666666666666664 0.041666666666666664 0.10416666666666667 0.041666666666666664 0.08333333333333333 0.041666666666666664 0.0625 0.041666666666666664 0.041666666666666664 0.041666666666666664 0.041666666666666664 0.0625 0.041666666666666664 0.08333333333333333 0.10416666666666667 
0.030303030303030304 0.04040404040404041 0.0707070707070707 0.0707070707070707 0.16161616161616163 0.020202020202020204 0.050505050505050504 0.030303030303030304 0.030303030303030304 0.06060606060606061 0.030303030303030304 0.030303030303030304 0.0707070707070707 0.13131313131313133 0.09090909090909091 0.030303030303030304 0.050505050505050504 
0.03278688524590164 0.08196721311475409 0.11475409836065574 0.04918032786885246 0.03278688524590164 0.03278688524590164 0.04918032786885246 0.04918032786885246 0.04918032786885246 0.04918032786885246 0.11475409836065574 0.08196721311475409 0.04918032786885246 0.04918032786885246 0.04918032786885246 0.06557377049180328 0.04918032786885246 
0.02564102564102564 0.017094017094017096 0.017094017094017096 0.1111111111111111 0.042735042735042736 0.1452991452991453 0.05128205128205128 0.03418803418803419 0.042735042735042736 0.042735042735042736 0.06837606837606838 0.07692307692307693 0.03418803418803419 0.1794871794871795 0.05982905982905983 0.02564102564102564 0.02564102564102564 
0.014925373134328358 0.05223880597014925 0.05223880597014925 0.09701492537313433 0.12686567164179105 0.11194029850746269 0.014925373134328358 0.022388059701492536 0.029850746268656716 0.1044776119402985 0.014925373134328358 0.04477611940298507 0.029850746268656716 0.12686567164179105 0.05223880597014925 0.022388059701492536 0.08208955223880597 
0.024096385542168676 0.024096385542168676 0.04819277108433735 0.14457831325301204 0.24096385542168675 0.024096385542168676 0.024096385542168676 0.04819277108433735 0.04819277108433735 0.03614457831325301 0.024096385542168676 0.04819277108433735 0.060240963855421686 0.024096385542168676 0.060240963855421686 0.024096385542168676 0.0963855421686747 
0.07317073170731707 0.036585365853658534 0.036585365853658534 0.036585365853658534 0.04878048780487805 0.036585365853658534 0.024390243902439025 0.024390243902439025 0.08536585365853659 0.06097560975609756 0.0975609756097561 0.04878048780487805 0.036585365853658534 0.04878048780487805 0.12195121951219512 0.04878048780487805 0.13414634146341464 
0.028169014084507043 0.07042253521126761 0.04225352112676056 0.07042253521126761 0.08450704225352113 0.04225352112676056 0.056338028169014086 0.04225352112676056 0.04225352112676056 0.028169014084507043 0.08450704225352113 0.11267605633802817 0.04225352112676056 0.028169014084507043 0.04225352112676056 0.028169014084507043 0.15492957746478872 
0.029850746268656716 0.05970149253731343 0.04477611940298507 0.07462686567164178 0.1791044776119403 0.029850746268656716 0.05970149253731343 0.029850746268656716 0.029850746268656716 0.04477611940298507 0.029850746268656716 0.05970149253731343 0.11940298507462686 0.05970149253731343 0.029850746268656716 0.05970149253731343 0.05970149253731343 
0.039473684210526314 0.13157894736842105 0.05263157894736842 0.05263157894736842 0.13157894736842105 0.039473684210526314 0.02631578947368421 0.02631578947368421 0.02631578947368421 0.039473684210526314 0.039473684210526314 0.039473684210526314 0.039473684210526314 0.06578947368421052 0.13157894736842105 0.039473684210526314 0.07894736842105263 
0.03225806451612903 0.07526881720430108 0.053763440860215055 0.06451612903225806 0.0967741935483871 0.03225806451612903 0.0967741935483871 0.021505376344086023 0.053763440860215055 0.043010752688172046 0.021505376344086023 0.043010752688172046 0.06451612903225806 0.06451612903225806 0.15053763440860216 0.021505376344086023 0.06451612903225806 
0.03333333333333333 0.06666666666666667 0.08333333333333333 0.05 0.03333333333333333 0.05 0.06666666666666667 0.06666666666666667 0.03333333333333333 0.13333333333333333 0.03333333333333333 0.03333333333333333 0.1 0.06666666666666667 0.06666666666666667 0.05 0.03333333333333333 
0.03488372093023256 0.023255813953488372 0.03488372093023256 0.023255813953488372 0.27906976744186046 0.03488372093023256 0.046511627906976744 0.05813953488372093 0.03488372093023256 0.12790697674418605 0.05813953488372093 0.03488372093023256 0.03488372093023256 0.023255813953488372 0.06976744186046512 0.023255813953488372 0.05813953488372093 
0.012658227848101266 0.0189873417721519 0.0379746835443038 0.14556962025316456 0.02531645569620253 0.0189873417721519 0.0189873417721519 0.056962025316455694 0.05063291139240506 0.11392405063291139 0.06962025316455696 0.15822784810126583 0.02531645569620253 0.0949367088607595 0.04430379746835443 0.0189873417721519 0.08860759493670886 
0.020202020202020204 0.06060606060606061 0.030303030303030304 0.04040404040404041 0.10101010101010101 0.12121212121212122 0.04040404040404041 0.020202020202020204 0.030303030303030304 0.030303030303030304 0.06060606060606061 0.09090909090909091 0.04040404040404041 0.15151515151515152 0.08080808080808081 0.030303030303030304 0.050505050505050504 
0.05194805194805195 0.03896103896103896 0.05194805194805195 0.07792207792207792 0.03896103896103896 0.05194805194805195 0.03896103896103896 0.05194805194805195 0.06493506493506493 0.025974025974025976 0.025974025974025976 0.05194805194805195 0.05194805194805195 0.025974025974025976 0.2727272727272727 0.05194805194805195 0.025974025974025976 
0.05333333333333334 0.04 0.09333333333333334 0.09333333333333334 0.06666666666666667 0.08 0.04 0.04 0.06666666666666667 0.05333333333333334 0.02666666666666667 0.06666666666666667 0.06666666666666667 0.02666666666666667 0.08 0.04 0.06666666666666667 
0.06349206349206349 0.031746031746031744 0.047619047619047616 0.1111111111111111 0.12698412698412698 0.12698412698412698 0.031746031746031744 0.031746031746031744 0.031746031746031744 0.047619047619047616 0.031746031746031744 0.06349206349206349 0.031746031746031744 0.047619047619047616 0.06349206349206349 0.06349206349206349 0.047619047619047616 
0.034482758620689655 0.034482758620689655 0.05172413793103448 0.08620689655172414 0.034482758620689655 0.034482758620689655 0.034482758620689655 0.034482758620689655 0.034482758620689655 0.20689655172413793 0.1206896551724138 0.05172413793103448 0.06896551724137931 0.05172413793103448 0.05172413793103448 0.034482758620689655 0.034482758620689655 
0.0273972602739726 0.0821917808219178 0.0273972602739726 0.1095890410958904 0.0547945205479452 0.1232876712328767 0.0547945205479452 0.0410958904109589 0.0273972602739726 0.1232876712328767 0.0273972602739726 0.0547945205479452 0.0547945205479452 0.0273972602739726 0.0821917808219178 0.0410958904109589 0.0410958904109589 
0.045454545454545456 0.06818181818181818 0.045454545454545456 0.045454545454545456 0.06818181818181818 0.045454545454545456 0.045454545454545456 0.06818181818181818 0.045454545454545456 0.09090909090909091 0.045454545454545456 0.06818181818181818 0.09090909090909091 0.09090909090909091 0.045454545454545456 0.045454545454545456 0.045454545454545456 
0.03508771929824561 0.10526315789473684 0.05263157894736842 0.05263157894736842 0.17543859649122806 0.07017543859649122 0.03508771929824561 0.03508771929824561 0.05263157894736842 0.03508771929824561 0.03508771929824561 0.05263157894736842 0.07017543859649122 0.05263157894736842 0.03508771929824561 0.03508771929824561 0.07017543859649122 
0.04 0.02666666666666667 0.04 0.04 0.04 0.04 0.02666666666666667 0.02666666666666667 0.05333333333333334 0.02666666666666667 0.02666666666666667 0.05333333333333334 0.12 0.02666666666666667 0.04 0.3466666666666667 0.02666666666666667 
0.030303030303030304 0.06060606060606061 0.045454545454545456 0.030303030303030304 0.07575757575757576 0.045454545454545456 0.06060606060606061 0.045454545454545456 0.045454545454545456 0.07575757575757576 0.07575757575757576 0.07575757575757576 0.06060606060606061 0.09090909090909091 0.10606060606060606 0.030303030303030304 0.045454545454545456 
0.02564102564102564 0.15384615384615385 0.038461538461538464 0.0641025641025641 0.02564102564102564 0.08974358974358974 0.038461538461538464 0.02564102564102564 0.02564102564102564 0.1282051282051282 0.038461538461538464 0.05128205128205128 0.05128205128205128 0.038461538461538464 0.11538461538461539 0.05128205128205128 0.038461538461538464 
0.056818181818181816 0.03409090909090909 0.06818181818181818 0.056818181818181816 0.17045454545454544 0.045454545454545456 0.022727272727272728 0.022727272727272728 0.09090909090909091 0.022727272727272728 0.022727272727272728 0.125 0.09090909090909091 0.056818181818181816 0.022727272727272728 0.022727272727272728 0.06818181818181818 
0.04 0.04 0.06 0.08 0.04 0.06 0.04 0.04 0.04 0.04 0.06 0.12 0.06 0.06 0.08 0.04 0.1 
0.029585798816568046 0.011834319526627219 0.023668639053254437 0.011834319526627219 0.01775147928994083 0.04142011834319527 0.01775147928994083 0.5443786982248521 0.07692307692307693 0.047337278106508875 0.01775147928994083 0.03550295857988166 0.01775147928994083 0.01775147928994083 0.04142011834319527 0.011834319526627219 0.03550295857988166 
0.046153846153846156 0.046153846153846156 0.046153846153846156 0.09230769230769231 0.09230769230769231 0.06153846153846154 0.03076923076923077 0.046153846153846156 0.046153846153846156 0.09230769230769231 0.046153846153846156 0.06153846153846154 0.06153846153846154 0.046153846153846156 0.06153846153846154 0.06153846153846154 0.06153846153846154 
0.03125 0.03125 0.0625 0.0625 0.046875 0.0625 0.046875 0.03125 0.046875 0.03125 0.03125 0.109375 0.03125 0.140625 0.0625 0.0625 0.109375 
0.037037037037037035 0.07407407407407407 0.037037037037037035 0.05555555555555555 0.07407407407407407 0.037037037037037035 0.09259259259259259 0.05555555555555555 0.037037037037037035 0.037037037037037035 0.07407407407407407 0.05555555555555555 0.037037037037037035 0.16666666666666666 0.05555555555555555 0.037037037037037035 0.037037037037037035 
0.041666666666666664 0.041666666666666664 0.041666666666666664 0.0625 0.125 0.0625 0.08333333333333333 0.041666666666666664 0.0625 0.041666666666666664 0.10416666666666667 0.041666666666666664 0.041666666666666664 0.041666666666666664 0.0625 0.0625 0.041666666666666664 
0.057692307692307696 0.038461538461538464 0.057692307692307696 0.09615384615384616 0.057692307692307696 0.057692307692307696 0.057692307692307696 0.038461538461538464 0.038461538461538464 0.057692307692307696 0.07692307692307693 0.057692307692307696 0.038461538461538464 0.11538461538461539 0.057692307692307696 0.057692307692307696 0.038461538461538464 
