0.00847457627118644 0.025423728813559324 0.025423728813559324 0.038135593220338986 0.05508474576271186 0.05508474576271186 0.0423728813559322 0.1906779661016949 0.01694915254237288 0.00847457627118644 0.0423728813559322 0.00847457627118644 0.012711864406779662 0.012711864406779662 0.059322033898305086 0.07627118644067797 0.012711864406779662 0.07203389830508475 0.00847457627118644 0.025423728813559324 0.0211864406779661 0.046610169491525424 0.012711864406779662 0.09745762711864407 0.025423728813559324 
0.031578947368421054 0.08421052631578947 0.031578947368421054 0.021052631578947368 0.05263157894736842 0.031578947368421054 0.021052631578947368 0.05263157894736842 0.042105263157894736 0.021052631578947368 0.031578947368421054 0.031578947368421054 0.021052631578947368 0.021052631578947368 0.021052631578947368 0.021052631578947368 0.042105263157894736 0.031578947368421054 0.021052631578947368 0.05263157894736842 0.07368421052631578 0.031578947368421054 0.021052631578947368 0.14736842105263157 0.042105263157894736 
0.031914893617021274 0.0425531914893617 0.031914893617021274 0.031914893617021274 0.13829787234042554 0.07446808510638298 0.031914893617021274 0.031914893617021274 0.031914893617021274 0.031914893617021274 0.031914893617021274 0.02127659574468085 0.02127659574468085 0.05319148936170213 0.02127659574468085 0.02127659574468085 0.031914893617021274 0.02127659574468085 0.10638297872340426 0.02127659574468085 0.02127659574468085 0.02127659574468085 0.02127659574468085 0.02127659574468085 0.0851063829787234 
0.04878048780487805 0.036585365853658534 0.024390243902439025 0.036585365853658534 0.024390243902439025 0.0975609756097561 0.06097560975609756 0.04878048780487805 0.024390243902439025 0.024390243902439025 0.036585365853658534 0.024390243902439025 0.024390243902439025 0.024390243902439025 0.04878048780487805 0.024390243902439025 0.07317073170731707 0.036585365853658534 0.036585365853658534 0.036585365853658534 0.036585365853658534 0.04878048780487805 0.036585365853658534 0.024390243902439025 0.06097560975609756 
0.017241379310344827 0.040229885057471264 0.011494252873563218 0.011494252873563218 0.028735632183908046 0.017241379310344827 0.017241379310344827 0.011494252873563218 0.011494252873563218 0.017241379310344827 0.41379310344827586 0.040229885057471264 0.011494252873563218 0.017241379310344827 0.017241379310344827 0.011494252873563218 0.022988505747126436 0.017241379310344827 0.09770114942528736 0.05172413793103448 0.034482758620689655 0.028735632183908046 0.022988505747126436 0.011494252873563218 0.017241379310344827 
0.030303030303030304 0.050505050505050504 0.04040404040404041 0.020202020202020204 0.020202020202020204 0.06060606060606061 0.050505050505050504 0.020202020202020204 0.020202020202020204 0.050505050505050504 0.020202020202020204 0.06060606060606061 0.030303030303030304 0.04040404040404041 0.09090909090909091 0.020202020202020204 0.020202020202020204 0.0707070707070707 0.12121212121212122 0.050505050505050504 0.020202020202020204 0.020202020202020204 0.020202020202020204 0.030303030303030304 0.020202020202020204 
0.07692307692307693 0.038461538461538464 0.11538461538461539 0.038461538461538464 0.02564102564102564 0.038461538461538464 0.038461538461538464 0.02564102564102564 0.02564102564102564 0.02564102564102564 0.02564102564102564 0.0641025641025641 0.02564102564102564 0.038461538461538464 0.038461538461538464 0.02564102564102564 0.02564102564102564 0.02564102564102564 0.02564102564102564 0.08974358974358974 0.02564102564102564 0.02564102564102564 0.05128205128205128 0.02564102564102564 0.038461538461538464 
0.032520325203252036 0.032520325203252036 0.024390243902439025 0.016260162601626018 0.032520325203252036 0.056910569105691054 0.16260162601626016 0.04065040650406504 0.04065040650406504 0.024390243902439025 0.016260162601626018 0.04065040650406504 0.032520325203252036 0.024390243902439025 0.04878048780487805 0.016260162601626018 0.04065040650406504 0.04065040650406504 0.024390243902439025 0.024390243902439025 0.016260162601626018 0.016260162601626018 0.024390243902439025 0.13821138211382114 0.032520325203252036 
0.005934718100890208 0.005934718100890208 0.005934718100890208 0.8011869436201781 0.005934718100890208 0.005934718100890208 0.005934718100890208 0.005934718100890208 0.017804154302670624 0.008902077151335312 0.008902077151335312 0.005934718100890208 0.005934718100890208 0.011869436201780416 0.005934718100890208 0.011869436201780416 0.01483679525222552 0.011869436201780416 0.008902077151335312 0.011869436201780416 0.005934718100890208 0.008902077151335312 0.005934718100890208 0.005934718100890208 0.005934718100890208 
0.03571428571428571 0.03571428571428571 0.03571428571428571 0.03571428571428571 0.03571428571428571 0.03571428571428571 0.03571428571428571 0.03571428571428571 0.03571428571428571 0.03571428571428571 0.03571428571428571 0.03571428571428571 0.07142857142857142 0.03571428571428571 0.03571428571428571 0.03571428571428571 0.03571428571428571 0.03571428571428571 0.05357142857142857 0.05357142857142857 0.03571428571428571 0.05357142857142857 0.03571428571428571 0.03571428571428571 0.05357142857142857 
0.08333333333333333 0.016666666666666666 0.025 0.016666666666666666 0.016666666666666666 0.058333333333333334 0.03333333333333333 0.016666666666666666 0.041666666666666664 0.03333333333333333 0.016666666666666666 0.041666666666666664 0.025 0.025 0.025 0.016666666666666666 0.18333333333333332 0.03333333333333333 0.041666666666666664 0.03333333333333333 0.05 0.025 0.03333333333333333 0.058333333333333334 0.05 
0.0136986301369863 0.0091324200913242 0.0091324200913242 0.7123287671232876 0.0182648401826484 0.0091324200913242 0.0091324200913242 0.0182648401826484 0.0091324200913242 0.0091324200913242 0.0182648401826484 0.0091324200913242 0.0091324200913242 0.0091324200913242 0.0091324200913242 0.0319634703196347 0.0091324200913242 0.0091324200913242 0.0182648401826484 0.0091324200913242 0.0091324200913242 0.0091324200913242 0.0136986301369863 0.0091324200913242 0.0091324200913242 
0.02702702702702703 0.04054054054054054 0.04054054054054054 0.02702702702702703 0.02702702702702703 0.08108108108108109 0.05405405405405406 0.02702702702702703 0.04054054054054054 0.02702702702702703 0.02702702702702703 0.02702702702702703 0.02702702702702703 0.02702702702702703 0.06756756756756757 0.02702702702702703 0.05405405405405406 0.06756756756756757 0.02702702702702703 0.04054054054054054 0.04054054054054054 0.04054054054054054 0.05405405405405406 0.02702702702702703 0.05405405405405406 
0.02127659574468085 0.031914893617021274 0.02127659574468085 0.031914893617021274 0.031914893617021274 0.09574468085106383 0.02127659574468085 0.02127659574468085 0.02127659574468085 0.05319148936170213 0.02127659574468085 0.0425531914893617 0.02127659574468085 0.031914893617021274 0.02127659574468085 0.02127659574468085 0.0425531914893617 0.0425531914893617 0.1595744680851064 0.031914893617021274 0.05319148936170213 0.02127659574468085 0.0425531914893617 0.05319148936170213 0.0425531914893617 
0.01818181818181818 0.02727272727272727 0.01818181818181818 0.01818181818181818 0.02727272727272727 0.1 0.02727272727272727 0.01818181818181818 0.03636363636363636 0.02727272727272727 0.045454545454545456 0.01818181818181818 0.05454545454545454 0.02727272727272727 0.03636363636363636 0.01818181818181818 0.01818181818181818 0.01818181818181818 0.2909090909090909 0.05454545454545454 0.01818181818181818 0.01818181818181818 0.01818181818181818 0.02727272727272727 0.01818181818181818 
0.02247191011235955 0.033707865168539325 0.02247191011235955 0.02247191011235955 0.02247191011235955 0.3595505617977528 0.033707865168539325 0.02247191011235955 0.033707865168539325 0.02247191011235955 0.02247191011235955 0.02247191011235955 0.02247191011235955 0.02247191011235955 0.02247191011235955 0.02247191011235955 0.02247191011235955 0.02247191011235955 0.056179775280898875 0.02247191011235955 0.02247191011235955 0.02247191011235955 0.033707865168539325 0.0449438202247191 0.02247191011235955 
0.06578947368421052 0.039473684210526314 0.039473684210526314 0.02631578947368421 0.02631578947368421 0.02631578947368421 0.02631578947368421 0.02631578947368421 0.02631578947368421 0.05263157894736842 0.039473684210526314 0.039473684210526314 0.02631578947368421 0.02631578947368421 0.02631578947368421 0.02631578947368421 0.05263157894736842 0.039473684210526314 0.02631578947368421 0.05263157894736842 0.05263157894736842 0.02631578947368421 0.05263157894736842 0.13157894736842105 0.02631578947368421 
0.036036036036036036 0.04954954954954955 0.02252252252252252 0.018018018018018018 0.009009009009009009 0.013513513513513514 0.009009009009009009 0.35585585585585583 0.02252252252252252 0.02702702702702703 0.013513513513513514 0.02702702702702703 0.009009009009009009 0.018018018018018018 0.018018018018018018 0.009009009009009009 0.013513513513513514 0.02702702702702703 0.11261261261261261 0.013513513513513514 0.02252252252252252 0.009009009009009009 0.02252252252252252 0.05855855855855856 0.06306306306306306 
0.031746031746031744 0.047619047619047616 0.047619047619047616 0.031746031746031744 0.031746031746031744 0.031746031746031744 0.031746031746031744 0.047619047619047616 0.031746031746031744 0.031746031746031744 0.031746031746031744 0.031746031746031744 0.031746031746031744 0.031746031746031744 0.06349206349206349 0.031746031746031744 0.031746031746031744 0.031746031746031744 0.07936507936507936 0.047619047619047616 0.031746031746031744 0.031746031746031744 0.031746031746031744 0.07936507936507936 0.047619047619047616 
0.02912621359223301 0.10679611650485436 0.019417475728155338 0.019417475728155338 0.019417475728155338 0.11650485436893204 0.04854368932038835 0.04854368932038835 0.02912621359223301 0.019417475728155338 0.04854368932038835 0.019417475728155338 0.019417475728155338 0.038834951456310676 0.02912621359223301 0.019417475728155338 0.038834951456310676 0.019417475728155338 0.10679611650485436 0.04854368932038835 0.019417475728155338 0.05825242718446602 0.02912621359223301 0.02912621359223301 0.019417475728155338 
0.009009009009009009 0.009009009009009009 0.009009009009009009 0.006006006006006006 0.009009009009009009 0.009009009009009009 0.006006006006006006 0.006006006006006006 0.006006006006006006 0.009009009009009009 0.009009009009009009 0.006006006006006006 0.006006006006006006 0.009009009009009009 0.006006006006006006 0.006006006006006006 0.012012012012012012 0.006006006006006006 0.009009009009009009 0.8138138138138138 0.009009009009009009 0.006006006006006006 0.009009009009009009 0.006006006006006006 0.009009009009009009 
0.006633499170812604 0.013266998341625208 0.004975124378109453 0.01658374792703151 0.13764510779436154 0.003316749585406302 0.014925373134328358 0.5737976782752903 0.008291873963515755 0.003316749585406302 0.011608623548922056 0.024875621890547265 0.006633499170812604 0.003316749585406302 0.009950248756218905 0.06135986733001658 0.011608623548922056 0.006633499170812604 0.009950248756218905 0.014925373134328358 0.013266998341625208 0.014925373134328358 0.006633499170812604 0.008291873963515755 0.013266998341625208 
0.012903225806451613 0.01935483870967742 0.01935483870967742 0.01935483870967742 0.03225806451612903 0.012903225806451613 0.15483870967741936 0.4129032258064516 0.012903225806451613 0.012903225806451613 0.01935483870967742 0.025806451612903226 0.01935483870967742 0.025806451612903226 0.012903225806451613 0.03225806451612903 0.025806451612903226 0.012903225806451613 0.01935483870967742 0.01935483870967742 0.01935483870967742 0.012903225806451613 0.01935483870967742 0.012903225806451613 0.012903225806451613 
0.021052631578947368 0.031578947368421054 0.031578947368421054 0.021052631578947368 0.021052631578947368 0.10526315789473684 0.031578947368421054 0.021052631578947368 0.021052631578947368 0.042105263157894736 0.05263157894736842 0.031578947368421054 0.07368421052631578 0.021052631578947368 0.042105263157894736 0.031578947368421054 0.14736842105263157 0.042105263157894736 0.031578947368421054 0.042105263157894736 0.021052631578947368 0.031578947368421054 0.021052631578947368 0.042105263157894736 0.021052631578947368 
0.02459016393442623 0.040983606557377046 0.01639344262295082 0.02459016393442623 0.02459016393442623 0.01639344262295082 0.01639344262295082 0.32786885245901637 0.01639344262295082 0.040983606557377046 0.01639344262295082 0.01639344262295082 0.02459016393442623 0.02459016393442623 0.01639344262295082 0.01639344262295082 0.01639344262295082 0.04918032786885246 0.09836065573770492 0.01639344262295082 0.01639344262295082 0.02459016393442623 0.02459016393442623 0.02459016393442623 0.06557377049180328 
0.020833333333333332 0.026041666666666668 0.015625 0.015625 0.015625 0.020833333333333332 0.015625 0.020833333333333332 0.015625 0.015625 0.010416666666666666 0.010416666666666666 0.010416666666666666 0.010416666666666666 0.010416666666666666 0.010416666666666666 0.010416666666666666 0.010416666666666666 0.046875 0.015625 0.015625 0.015625 0.015625 0.036458333333333336 0.5885416666666666 
0.0234375 0.0234375 0.015625 0.015625 0.015625 0.0546875 0.0234375 0.015625 0.015625 0.015625 0.0234375 0.0234375 0.0234375 0.0234375 0.3671875 0.015625 0.015625 0.015625 0.0390625 0.03125 0.015625 0.03125 0.0234375 0.0390625 0.09375 
0.05263157894736842 0.07017543859649122 0.03508771929824561 0.03508771929824561 0.05263157894736842 0.03508771929824561 0.03508771929824561 0.03508771929824561 0.03508771929824561 0.05263157894736842 0.03508771929824561 0.03508771929824561 0.03508771929824561 0.03508771929824561 0.07017543859649122 0.03508771929824561 0.03508771929824561 0.03508771929824561 0.03508771929824561 0.03508771929824561 0.03508771929824561 0.03508771929824561 0.03508771929824561 0.03508771929824561 0.03508771929824561 
0.04819277108433735 0.04819277108433735 0.024096385542168676 0.024096385542168676 0.03614457831325301 0.060240963855421686 0.03614457831325301 0.024096385542168676 0.03614457831325301 0.04819277108433735 0.03614457831325301 0.04819277108433735 0.03614457831325301 0.03614457831325301 0.04819277108433735 0.04819277108433735 0.03614457831325301 0.03614457831325301 0.03614457831325301 0.04819277108433735 0.024096385542168676 0.03614457831325301 0.024096385542168676 0.024096385542168676 0.0963855421686747 
0.02962962962962963 0.1037037037037037 0.022222222222222223 0.022222222222222223 0.014814814814814815 0.022222222222222223 0.02962962962962963 0.044444444444444446 0.044444444444444446 0.022222222222222223 0.1259259259259259 0.02962962962962963 0.02962962962962963 0.022222222222222223 0.02962962962962963 0.014814814814814815 0.02962962962962963 0.037037037037037035 0.05925925925925926 0.044444444444444446 0.037037037037037035 0.037037037037037035 0.037037037037037035 0.05925925925925926 0.05185185185185185 
0.03225806451612903 0.03225806451612903 0.021505376344086023 0.021505376344086023 0.043010752688172046 0.053763440860215055 0.03225806451612903 0.06451612903225806 0.043010752688172046 0.06451612903225806 0.021505376344086023 0.03225806451612903 0.021505376344086023 0.021505376344086023 0.043010752688172046 0.021505376344086023 0.15053763440860216 0.021505376344086023 0.053763440860215055 0.021505376344086023 0.021505376344086023 0.021505376344086023 0.03225806451612903 0.08602150537634409 0.021505376344086023 
0.016853932584269662 0.033707865168539325 0.028089887640449437 0.02247191011235955 0.016853932584269662 0.10674157303370786 0.033707865168539325 0.0449438202247191 0.011235955056179775 0.033707865168539325 0.056179775280898875 0.011235955056179775 0.028089887640449437 0.056179775280898875 0.06179775280898876 0.011235955056179775 0.0449438202247191 0.05056179775280899 0.0898876404494382 0.028089887640449437 0.033707865168539325 0.02247191011235955 0.056179775280898875 0.08426966292134831 0.016853932584269662 
0.09705882352941177 0.1 0.03529411764705882 0.008823529411764706 0.014705882352941176 0.03529411764705882 0.026470588235294117 0.03529411764705882 0.041176470588235294 0.047058823529411764 0.041176470588235294 0.03235294117647059 0.03529411764705882 0.0058823529411764705 0.0058823529411764705 0.008823529411764706 0.023529411764705882 0.09411764705882353 0.07941176470588235 0.011764705882352941 0.023529411764705882 0.041176470588235294 0.026470588235294117 0.07647058823529412 0.052941176470588235 
0.02877697841726619 0.09352517985611511 0.02158273381294964 0.04316546762589928 0.014388489208633094 0.014388489208633094 0.014388489208633094 0.014388489208633094 0.014388489208633094 0.07194244604316546 0.014388489208633094 0.050359712230215826 0.16546762589928057 0.02877697841726619 0.02158273381294964 0.02158273381294964 0.03597122302158273 0.02158273381294964 0.17266187050359713 0.02158273381294964 0.014388489208633094 0.02877697841726619 0.02877697841726619 0.014388489208633094 0.02877697841726619 
0.013986013986013986 0.02097902097902098 0.013986013986013986 0.013986013986013986 0.013986013986013986 0.04895104895104895 0.6083916083916084 0.013986013986013986 0.013986013986013986 0.013986013986013986 0.02097902097902098 0.013986013986013986 0.013986013986013986 0.02097902097902098 0.013986013986013986 0.013986013986013986 0.013986013986013986 0.013986013986013986 0.013986013986013986 0.013986013986013986 0.013986013986013986 0.013986013986013986 0.013986013986013986 0.013986013986013986 0.013986013986013986 
0.047619047619047616 0.01904761904761905 0.01904761904761905 0.05714285714285714 0.01904761904761905 0.0761904761904762 0.02857142857142857 0.02857142857142857 0.01904761904761905 0.01904761904761905 0.26666666666666666 0.01904761904761905 0.02857142857142857 0.01904761904761905 0.0380952380952381 0.01904761904761905 0.047619047619047616 0.01904761904761905 0.01904761904761905 0.0380952380952381 0.01904761904761905 0.01904761904761905 0.02857142857142857 0.01904761904761905 0.06666666666666667 
0.011320754716981131 0.022641509433962263 0.011320754716981131 0.007547169811320755 0.007547169811320755 0.01509433962264151 0.052830188679245285 0.011320754716981131 0.03018867924528302 0.011320754716981131 0.022641509433962263 0.01509433962264151 0.01509433962264151 0.007547169811320755 0.01509433962264151 0.4679245283018868 0.09056603773584905 0.01509433962264151 0.04150943396226415 0.022641509433962263 0.022641509433962263 0.011320754716981131 0.01509433962264151 0.03773584905660377 0.018867924528301886 
0.31788079470198677 0.019867549668874173 0.013245033112582781 0.013245033112582781 0.026490066225165563 0.039735099337748346 0.026490066225165563 0.019867549668874173 0.026490066225165563 0.026490066225165563 0.019867549668874173 0.046357615894039736 0.013245033112582781 0.013245033112582781 0.039735099337748346 0.019867549668874173 0.019867549668874173 0.046357615894039736 0.10596026490066225 0.013245033112582781 0.026490066225165563 0.019867549668874173 0.013245033112582781 0.026490066225165563 0.046357615894039736 
0.0017241379310344827 0.0017241379310344827 0.0017241379310344827 0.002586206896551724 0.002586206896551724 0.009482758620689655 0.00603448275862069 0.0017241379310344827 0.002586206896551724 0.00603448275862069 0.004310344827586207 0.8896551724137931 0.0034482758620689655 0.005172413793103448 0.005172413793103448 0.0017241379310344827 0.0034482758620689655 0.0017241379310344827 0.029310344827586206 0.002586206896551724 0.0034482758620689655 0.0017241379310344827 0.0034482758620689655 0.005172413793103448 0.0034482758620689655 
0.018518518518518517 0.07407407407407407 0.018518518518518517 0.018518518518518517 0.05555555555555555 0.027777777777777776 0.1111111111111111 0.027777777777777776 0.018518518518518517 0.07407407407407407 0.046296296296296294 0.06481481481481481 0.018518518518518517 0.046296296296296294 0.018518518518518517 0.046296296296296294 0.018518518518518517 0.027777777777777776 0.05555555555555555 0.027777777777777776 0.07407407407407407 0.027777777777777776 0.018518518518518517 0.027777777777777776 0.037037037037037035 
0.26732673267326734 0.0297029702970297 0.019801980198019802 0.039603960396039604 0.019801980198019802 0.0297029702970297 0.019801980198019802 0.019801980198019802 0.019801980198019802 0.039603960396039604 0.019801980198019802 0.0297029702970297 0.039603960396039604 0.019801980198019802 0.039603960396039604 0.019801980198019802 0.019801980198019802 0.0297029702970297 0.10891089108910891 0.0297029702970297 0.019801980198019802 0.019801980198019802 0.019801980198019802 0.04950495049504951 0.0297029702970297 
0.0091324200913242 0.0136986301369863 0.0091324200913242 0.7579908675799086 0.0091324200913242 0.0091324200913242 0.0091324200913242 0.0091324200913242 0.0136986301369863 0.0091324200913242 0.0091324200913242 0.0091324200913242 0.0091324200913242 0.0136986301369863 0.0091324200913242 0.0182648401826484 0.0091324200913242 0.0091324200913242 0.0091324200913242 0.0091324200913242 0.0091324200913242 0.0091324200913242 0.0091324200913242 0.0091324200913242 0.0091324200913242 
0.02830188679245283 0.02830188679245283 0.02830188679245283 0.018867924528301886 0.018867924528301886 0.02830188679245283 0.02830188679245283 0.02830188679245283 0.02830188679245283 0.03773584905660377 0.03773584905660377 0.02830188679245283 0.04716981132075472 0.018867924528301886 0.03773584905660377 0.018867924528301886 0.29245283018867924 0.04716981132075472 0.018867924528301886 0.03773584905660377 0.018867924528301886 0.05660377358490566 0.02830188679245283 0.018867924528301886 0.018867924528301886 
0.05405405405405406 0.02702702702702703 0.02702702702702703 0.02702702702702703 0.02702702702702703 0.12162162162162163 0.04054054054054054 0.02702702702702703 0.02702702702702703 0.05405405405405406 0.04054054054054054 0.02702702702702703 0.02702702702702703 0.02702702702702703 0.02702702702702703 0.02702702702702703 0.02702702702702703 0.06756756756756757 0.0945945945945946 0.04054054054054054 0.04054054054054054 0.02702702702702703 0.02702702702702703 0.02702702702702703 0.04054054054054054 
0.006765899864682003 0.006765899864682003 0.0027063599458728013 0.008119079837618403 0.005412719891745603 0.017591339648173207 0.0040595399188092015 0.0040595399188092015 0.009472259810554804 0.0040595399188092015 0.008119079837618403 0.005412719891745603 0.0040595399188092015 0.7767253044654939 0.0040595399188092015 0.08119079837618404 0.0040595399188092015 0.0027063599458728013 0.023004059539918808 0.005412719891745603 0.0040595399188092015 0.0027063599458728013 0.0027063599458728013 0.0040595399188092015 0.0027063599458728013 
0.034782608695652174 0.034782608695652174 0.008695652173913044 0.008695652173913044 0.008695652173913044 0.030434782608695653 0.008695652173913044 0.02608695652173913 0.021739130434782608 0.05652173913043478 0.021739130434782608 0.013043478260869565 0.008695652173913044 0.0391304347826087 0.3826086956521739 0.017391304347826087 0.021739130434782608 0.013043478260869565 0.13478260869565217 0.021739130434782608 0.021739130434782608 0.017391304347826087 0.013043478260869565 0.008695652173913044 0.02608695652173913 
0.11235955056179775 0.02247191011235955 0.02247191011235955 0.033707865168539325 0.02247191011235955 0.02247191011235955 0.033707865168539325 0.02247191011235955 0.0449438202247191 0.056179775280898875 0.033707865168539325 0.033707865168539325 0.02247191011235955 0.02247191011235955 0.0449438202247191 0.033707865168539325 0.02247191011235955 0.02247191011235955 0.14606741573033707 0.0898876404494382 0.02247191011235955 0.02247191011235955 0.02247191011235955 0.033707865168539325 0.033707865168539325 
0.00554016620498615 0.013850415512465374 0.008310249307479225 0.013850415512465374 0.008310249307479225 0.027700831024930747 0.019390581717451522 0.008310249307479225 0.0110803324099723 0.00554016620498615 0.008310249307479225 0.008310249307479225 0.008310249307479225 0.008310249307479225 0.008310249307479225 0.00554016620498615 0.0110803324099723 0.008310249307479225 0.024930747922437674 0.0221606648199446 0.00554016620498615 0.7119113573407202 0.008310249307479225 0.008310249307479225 0.030470914127423823 
0.011363636363636364 0.011363636363636364 0.011363636363636364 0.011363636363636364 0.011363636363636364 0.028409090909090908 0.011363636363636364 0.011363636363636364 0.011363636363636364 0.011363636363636364 0.011363636363636364 0.011363636363636364 0.011363636363636364 0.011363636363636364 0.011363636363636364 0.011363636363636364 0.011363636363636364 0.011363636363636364 0.017045454545454544 0.011363636363636364 0.011363636363636364 0.011363636363636364 0.011363636363636364 0.011363636363636364 0.7045454545454546 
0.12244897959183673 0.02040816326530612 0.02040816326530612 0.04081632653061224 0.030612244897959183 0.12244897959183673 0.02040816326530612 0.02040816326530612 0.02040816326530612 0.04081632653061224 0.02040816326530612 0.030612244897959183 0.030612244897959183 0.02040816326530612 0.05102040816326531 0.030612244897959183 0.08163265306122448 0.030612244897959183 0.10204081632653061 0.030612244897959183 0.02040816326530612 0.02040816326530612 0.02040816326530612 0.030612244897959183 0.02040816326530612 
0.02962962962962963 0.1037037037037037 0.022222222222222223 0.022222222222222223 0.02962962962962963 0.02962962962962963 0.014814814814814815 0.014814814814814815 0.02962962962962963 0.05925925925925926 0.02962962962962963 0.05185185185185185 0.014814814814814815 0.02962962962962963 0.08148148148148149 0.014814814814814815 0.014814814814814815 0.02962962962962963 0.1037037037037037 0.044444444444444446 0.014814814814814815 0.044444444444444446 0.02962962962962963 0.0962962962962963 0.044444444444444446 
0.27564102564102566 0.019230769230769232 0.019230769230769232 0.01282051282051282 0.019230769230769232 0.04487179487179487 0.038461538461538464 0.02564102564102564 0.019230769230769232 0.08974358974358974 0.01282051282051282 0.038461538461538464 0.01282051282051282 0.01282051282051282 0.02564102564102564 0.01282051282051282 0.03205128205128205 0.01282051282051282 0.057692307692307696 0.038461538461538464 0.01282051282051282 0.0641025641025641 0.01282051282051282 0.057692307692307696 0.03205128205128205 
0.02390438247011952 0.0398406374501992 0.0199203187250996 0.027888446215139442 0.01593625498007968 0.00796812749003984 0.07171314741035857 0.055776892430278883 0.035856573705179286 0.0398406374501992 0.00796812749003984 0.02390438247011952 0.00796812749003984 0.01593625498007968 0.04780876494023904 0.250996015936255 0.01195219123505976 0.06374501992031872 0.08366533864541832 0.04780876494023904 0.00796812749003984 0.01593625498007968 0.02390438247011952 0.02390438247011952 0.027888446215139442 
0.022727272727272728 0.06818181818181818 0.03409090909090909 0.022727272727272728 0.022727272727272728 0.045454545454545456 0.056818181818181816 0.022727272727272728 0.056818181818181816 0.07954545454545454 0.03409090909090909 0.03409090909090909 0.022727272727272728 0.022727272727272728 0.03409090909090909 0.022727272727272728 0.045454545454545456 0.056818181818181816 0.03409090909090909 0.056818181818181816 0.022727272727272728 0.022727272727272728 0.022727272727272728 0.11363636363636363 0.022727272727272728 
0.05172413793103448 0.017241379310344827 0.034482758620689655 0.02586206896551724 0.017241379310344827 0.1206896551724138 0.017241379310344827 0.02586206896551724 0.017241379310344827 0.034482758620689655 0.07758620689655173 0.02586206896551724 0.017241379310344827 0.02586206896551724 0.02586206896551724 0.017241379310344827 0.02586206896551724 0.02586206896551724 0.1724137931034483 0.02586206896551724 0.04310344827586207 0.02586206896551724 0.02586206896551724 0.017241379310344827 0.08620689655172414 
0.013986013986013986 0.02097902097902098 0.013986013986013986 0.013986013986013986 0.02097902097902098 0.055944055944055944 0.5944055944055944 0.013986013986013986 0.013986013986013986 0.013986013986013986 0.013986013986013986 0.013986013986013986 0.013986013986013986 0.02097902097902098 0.013986013986013986 0.013986013986013986 0.013986013986013986 0.013986013986013986 0.013986013986013986 0.013986013986013986 0.02097902097902098 0.013986013986013986 0.013986013986013986 0.013986013986013986 0.013986013986013986 
0.05921052631578947 0.039473684210526314 0.03289473684210526 0.039473684210526314 0.02631578947368421 0.07894736842105263 0.046052631578947366 0.02631578947368421 0.019736842105263157 0.039473684210526314 0.03289473684210526 0.03289473684210526 0.02631578947368421 0.046052631578947366 0.02631578947368421 0.013157894736842105 0.05921052631578947 0.039473684210526314 0.019736842105263157 0.019736842105263157 0.02631578947368421 0.02631578947368421 0.013157894736842105 0.16447368421052633 0.046052631578947366 
0.019417475728155338 0.07766990291262135 0.038834951456310676 0.07766990291262135 0.019417475728155338 0.0970873786407767 0.038834951456310676 0.038834951456310676 0.019417475728155338 0.038834951456310676 0.038834951456310676 0.05825242718446602 0.019417475728155338 0.038834951456310676 0.02912621359223301 0.019417475728155338 0.05825242718446602 0.02912621359223301 0.04854368932038835 0.05825242718446602 0.02912621359223301 0.019417475728155338 0.019417475728155338 0.038834951456310676 0.02912621359223301 
0.01834862385321101 0.01834862385321101 0.01834862385321101 0.01834862385321101 0.027522935779816515 0.027522935779816515 0.01834862385321101 0.01834862385321101 0.027522935779816515 0.01834862385321101 0.027522935779816515 0.027522935779816515 0.01834862385321101 0.045871559633027525 0.01834862385321101 0.03669724770642202 0.01834862385321101 0.01834862385321101 0.027522935779816515 0.01834862385321101 0.01834862385321101 0.01834862385321101 0.45871559633027525 0.01834862385321101 0.01834862385321101 
0.021505376344086023 0.021505376344086023 0.021505376344086023 0.021505376344086023 0.021505376344086023 0.07526881720430108 0.043010752688172046 0.06451612903225806 0.043010752688172046 0.043010752688172046 0.021505376344086023 0.021505376344086023 0.03225806451612903 0.043010752688172046 0.043010752688172046 0.021505376344086023 0.03225806451612903 0.021505376344086023 0.21505376344086022 0.021505376344086023 0.03225806451612903 0.021505376344086023 0.043010752688172046 0.03225806451612903 0.021505376344086023 
0.06666666666666667 0.047619047619047616 0.0380952380952381 0.0380952380952381 0.02857142857142857 0.0380952380952381 0.09523809523809523 0.047619047619047616 0.047619047619047616 0.047619047619047616 0.02857142857142857 0.0380952380952381 0.02857142857142857 0.02857142857142857 0.01904761904761905 0.0380952380952381 0.02857142857142857 0.02857142857142857 0.05714285714285714 0.0380952380952381 0.047619047619047616 0.02857142857142857 0.01904761904761905 0.047619047619047616 0.02857142857142857 
0.01875 0.09375 0.03125 0.01875 0.025 0.0875 0.01875 0.03125 0.04375 0.025 0.0625 0.025 0.0125 0.0125 0.025 0.0125 0.01875 0.0375 0.04375 0.0625 0.0125 0.025 0.04375 0.15 0.0625 
0.017341040462427744 0.06936416184971098 0.028901734104046242 0.028901734104046242 0.023121387283236993 0.03468208092485549 0.028901734104046242 0.017341040462427744 0.017341040462427744 0.028901734104046242 0.07514450867052024 0.023121387283236993 0.011560693641618497 0.011560693641618497 0.03468208092485549 0.011560693641618497 0.08670520231213873 0.06936416184971098 0.046242774566473986 0.06936416184971098 0.023121387283236993 0.04046242774566474 0.023121387283236993 0.08092485549132948 0.09826589595375723 
0.021739130434782608 0.021739130434782608 0.021739130434782608 0.021739130434782608 0.021739130434782608 0.10869565217391304 0.03260869565217391 0.021739130434782608 0.021739130434782608 0.03260869565217391 0.03260869565217391 0.021739130434782608 0.06521739130434782 0.021739130434782608 0.05434782608695652 0.021739130434782608 0.05434782608695652 0.043478260869565216 0.10869565217391304 0.03260869565217391 0.05434782608695652 0.021739130434782608 0.03260869565217391 0.03260869565217391 0.07608695652173914 
0.02185792349726776 0.07103825136612021 0.03278688524590164 0.01092896174863388 0.01092896174863388 0.07103825136612021 0.01639344262295082 0.07650273224043716 0.01639344262295082 0.03825136612021858 0.03278688524590164 0.03825136612021858 0.01092896174863388 0.02185792349726776 0.04371584699453552 0.01639344262295082 0.04371584699453552 0.01092896174863388 0.08196721311475409 0.07103825136612021 0.07103825136612021 0.03825136612021858 0.0273224043715847 0.07650273224043716 0.04918032786885246 
0.03361344537815126 0.025210084033613446 0.025210084033613446 0.05042016806722689 0.04201680672268908 0.04201680672268908 0.01680672268907563 0.03361344537815126 0.04201680672268908 0.10084033613445378 0.03361344537815126 0.01680672268907563 0.01680672268907563 0.025210084033613446 0.04201680672268908 0.01680672268907563 0.04201680672268908 0.04201680672268908 0.12605042016806722 0.03361344537815126 0.01680672268907563 0.03361344537815126 0.058823529411764705 0.058823529411764705 0.025210084033613446 
0.03571428571428571 0.023809523809523808 0.023809523809523808 0.023809523809523808 0.03571428571428571 0.34523809523809523 0.023809523809523808 0.023809523809523808 0.023809523809523808 0.047619047619047616 0.023809523809523808 0.023809523809523808 0.023809523809523808 0.023809523809523808 0.023809523809523808 0.023809523809523808 0.03571428571428571 0.023809523809523808 0.023809523809523808 0.023809523809523808 0.03571428571428571 0.023809523809523808 0.023809523809523808 0.023809523809523808 0.03571428571428571 
0.022222222222222223 0.044444444444444446 0.022222222222222223 0.044444444444444446 0.022222222222222223 0.03333333333333333 0.03333333333333333 0.022222222222222223 0.044444444444444446 0.05555555555555555 0.03333333333333333 0.03333333333333333 0.06666666666666667 0.03333333333333333 0.022222222222222223 0.022222222222222223 0.03333333333333333 0.03333333333333333 0.08888888888888889 0.06666666666666667 0.044444444444444446 0.03333333333333333 0.044444444444444446 0.07777777777777778 0.022222222222222223 
0.02702702702702703 0.06756756756756757 0.02702702702702703 0.04054054054054054 0.05405405405405406 0.02702702702702703 0.08108108108108109 0.05405405405405406 0.04054054054054054 0.08108108108108109 0.02702702702702703 0.02702702702702703 0.02702702702702703 0.04054054054054054 0.02702702702702703 0.02702702702702703 0.04054054054054054 0.04054054054054054 0.02702702702702703 0.02702702702702703 0.02702702702702703 0.02702702702702703 0.05405405405405406 0.05405405405405406 0.02702702702702703 
0.05102040816326531 0.030612244897959183 0.04081632653061224 0.030612244897959183 0.04081632653061224 0.07142857142857142 0.02040816326530612 0.02040816326530612 0.05102040816326531 0.04081632653061224 0.030612244897959183 0.030612244897959183 0.02040816326530612 0.02040816326530612 0.030612244897959183 0.02040816326530612 0.05102040816326531 0.05102040816326531 0.02040816326530612 0.04081632653061224 0.02040816326530612 0.061224489795918366 0.05102040816326531 0.11224489795918367 0.04081632653061224 
0.03571428571428571 0.047619047619047616 0.03571428571428571 0.03571428571428571 0.05952380952380952 0.03571428571428571 0.05952380952380952 0.047619047619047616 0.023809523809523808 0.047619047619047616 0.03571428571428571 0.03571428571428571 0.047619047619047616 0.023809523809523808 0.023809523809523808 0.023809523809523808 0.05952380952380952 0.07142857142857142 0.047619047619047616 0.03571428571428571 0.023809523809523808 0.023809523809523808 0.047619047619047616 0.03571428571428571 0.03571428571428571 
0.01327433628318584 0.03982300884955752 0.008849557522123894 0.01327433628318584 0.022123893805309734 0.03982300884955752 0.022123893805309734 0.035398230088495575 0.01327433628318584 0.017699115044247787 0.02654867256637168 0.022123893805309734 0.4247787610619469 0.01327433628318584 0.01327433628318584 0.008849557522123894 0.022123893805309734 0.01327433628318584 0.08849557522123894 0.030973451327433628 0.017699115044247787 0.01327433628318584 0.01327433628318584 0.04424778761061947 0.022123893805309734 
0.03773584905660377 0.12264150943396226 0.02830188679245283 0.02830188679245283 0.02830188679245283 0.03773584905660377 0.05660377358490566 0.03773584905660377 0.02830188679245283 0.03773584905660377 0.05660377358490566 0.02830188679245283 0.0660377358490566 0.02830188679245283 0.03773584905660377 0.02830188679245283 0.018867924528301886 0.03773584905660377 0.04716981132075472 0.02830188679245283 0.03773584905660377 0.03773584905660377 0.018867924528301886 0.018867924528301886 0.0660377358490566 
0.017045454545454544 0.011363636363636364 0.011363636363636364 0.011363636363636364 0.011363636363636364 0.011363636363636364 0.011363636363636364 0.011363636363636364 0.011363636363636364 0.022727272727272728 0.011363636363636364 0.011363636363636364 0.017045454545454544 0.011363636363636364 0.011363636363636364 0.011363636363636364 0.017045454545454544 0.011363636363636364 0.011363636363636364 0.011363636363636364 0.011363636363636364 0.011363636363636364 0.011363636363636364 0.011363636363636364 0.6988636363636364 
0.04895104895104895 0.013986013986013986 0.02097902097902098 0.013986013986013986 0.04895104895104895 0.02097902097902098 0.013986013986013986 0.02097902097902098 0.02097902097902098 0.02097902097902098 0.02097902097902098 0.027972027972027972 0.027972027972027972 0.04895104895104895 0.027972027972027972 0.013986013986013986 0.013986013986013986 0.03496503496503497 0.02097902097902098 0.04195804195804196 0.03496503496503497 0.027972027972027972 0.35664335664335667 0.02097902097902098 0.03496503496503497 
0.029411764705882353 0.04411764705882353 0.029411764705882353 0.029411764705882353 0.029411764705882353 0.029411764705882353 0.029411764705882353 0.029411764705882353 0.029411764705882353 0.14705882352941177 0.029411764705882353 0.029411764705882353 0.04411764705882353 0.029411764705882353 0.058823529411764705 0.029411764705882353 0.04411764705882353 0.029411764705882353 0.029411764705882353 0.07352941176470588 0.029411764705882353 0.029411764705882353 0.029411764705882353 0.029411764705882353 0.058823529411764705 
0.1 0.016666666666666666 0.025 0.03333333333333333 0.058333333333333334 0.025 0.041666666666666664 0.016666666666666666 0.016666666666666666 0.03333333333333333 0.075 0.025 0.016666666666666666 0.016666666666666666 0.03333333333333333 0.016666666666666666 0.09166666666666666 0.041666666666666664 0.041666666666666664 0.041666666666666664 0.025 0.03333333333333333 0.016666666666666666 0.09166666666666666 0.06666666666666667 
0.3902439024390244 0.01951219512195122 0.014634146341463415 0.00975609756097561 0.01951219512195122 0.02926829268292683 0.01951219512195122 0.00975609756097561 0.014634146341463415 0.01951219512195122 0.04878048780487805 0.05365853658536585 0.01951219512195122 0.024390243902439025 0.024390243902439025 0.00975609756097561 0.00975609756097561 0.014634146341463415 0.12682926829268293 0.024390243902439025 0.014634146341463415 0.014634146341463415 0.01951219512195122 0.03414634146341464 0.014634146341463415 
0.029166666666666667 0.09166666666666666 0.016666666666666666 0.0125 0.025 0.04583333333333333 0.016666666666666666 0.025 0.020833333333333332 0.07916666666666666 0.0375 0.05 0.008333333333333333 0.029166666666666667 0.008333333333333333 0.0125 0.029166666666666667 0.0625 0.0875 0.07083333333333333 0.09583333333333334 0.020833333333333332 0.03333333333333333 0.07916666666666666 0.0125 
0.0375 0.025 0.025 0.0375 0.025 0.1125 0.025 0.0375 0.05 0.05 0.025 0.0375 0.0375 0.025 0.0375 0.0375 0.0375 0.0375 0.0375 0.025 0.025 0.025 0.025 0.1125 0.05 
