0.10454545454545454 0.05909090909090909 0.1 0.022727272727272728 0.022727272727272728 0.031818181818181815 0.01818181818181818 0.17727272727272728 0.09090909090909091 0.10454545454545454 0.07272727272727272 0.022727272727272728 0.045454545454545456 0.02727272727272727 0.031818181818181815 0.05 0.01818181818181818 
0.0379746835443038 0.05063291139240506 0.02531645569620253 0.06329113924050633 0.02531645569620253 0.05063291139240506 0.06329113924050633 0.0379746835443038 0.05063291139240506 0.05063291139240506 0.11392405063291139 0.06329113924050633 0.0759493670886076 0.05063291139240506 0.05063291139240506 0.16455696202531644 0.02531645569620253 
0.02564102564102564 0.1282051282051282 0.038461538461538464 0.038461538461538464 0.07692307692307693 0.02564102564102564 0.02564102564102564 0.02564102564102564 0.02564102564102564 0.02564102564102564 0.02564102564102564 0.038461538461538464 0.2564102564102564 0.02564102564102564 0.02564102564102564 0.02564102564102564 0.16666666666666666 
0.06060606060606061 0.07575757575757576 0.045454545454545456 0.045454545454545456 0.09090909090909091 0.045454545454545456 0.030303030303030304 0.045454545454545456 0.030303030303030304 0.06060606060606061 0.12121212121212122 0.030303030303030304 0.030303030303030304 0.09090909090909091 0.030303030303030304 0.030303030303030304 0.13636363636363635 
0.0189873417721519 0.012658227848101266 0.0189873417721519 0.6075949367088608 0.0379746835443038 0.012658227848101266 0.012658227848101266 0.012658227848101266 0.0189873417721519 0.0379746835443038 0.0379746835443038 0.012658227848101266 0.0189873417721519 0.08227848101265822 0.012658227848101266 0.02531645569620253 0.0189873417721519 
0.04819277108433735 0.03614457831325301 0.08433734939759036 0.060240963855421686 0.1686746987951807 0.024096385542168676 0.024096385542168676 0.024096385542168676 0.060240963855421686 0.03614457831325301 0.024096385542168676 0.14457831325301204 0.07228915662650602 0.08433734939759036 0.03614457831325301 0.024096385542168676 0.04819277108433735 
0.04838709677419355 0.08064516129032258 0.06451612903225806 0.03225806451612903 0.04838709677419355 0.08064516129032258 0.11290322580645161 0.03225806451612903 0.11290322580645161 0.04838709677419355 0.08064516129032258 0.03225806451612903 0.03225806451612903 0.03225806451612903 0.0967741935483871 0.03225806451612903 0.03225806451612903 
0.028037383177570093 0.07476635514018691 0.037383177570093455 0.056074766355140186 0.018691588785046728 0.018691588785046728 0.037383177570093455 0.018691588785046728 0.028037383177570093 0.06542056074766354 0.17757009345794392 0.22429906542056074 0.037383177570093455 0.018691588785046728 0.018691588785046728 0.04672897196261682 0.09345794392523364 
0.8473520249221184 0.006230529595015576 0.006230529595015576 0.012461059190031152 0.009345794392523364 0.006230529595015576 0.009345794392523364 0.009345794392523364 0.009345794392523364 0.01557632398753894 0.006230529595015576 0.012461059190031152 0.006230529595015576 0.012461059190031152 0.009345794392523364 0.01557632398753894 0.006230529595015576 
0.028846153846153848 0.04807692307692308 0.20192307692307693 0.019230769230769232 0.038461538461538464 0.028846153846153848 0.04807692307692308 0.019230769230769232 0.028846153846153848 0.038461538461538464 0.038461538461538464 0.09615384615384616 0.019230769230769232 0.07692307692307693 0.038461538461538464 0.057692307692307696 0.17307692307692307 
0.8226600985221675 0.009852216748768473 0.009852216748768473 0.009852216748768473 0.009852216748768473 0.009852216748768473 0.009852216748768473 0.024630541871921183 0.009852216748768473 0.009852216748768473 0.009852216748768473 0.009852216748768473 0.009852216748768473 0.009852216748768473 0.009852216748768473 0.014778325123152709 0.009852216748768473 
0.05172413793103448 0.08620689655172414 0.05172413793103448 0.034482758620689655 0.034482758620689655 0.10344827586206896 0.034482758620689655 0.05172413793103448 0.10344827586206896 0.034482758620689655 0.08620689655172414 0.06896551724137931 0.034482758620689655 0.06896551724137931 0.034482758620689655 0.034482758620689655 0.08620689655172414 
0.038461538461538464 0.02564102564102564 0.0641025641025641 0.038461538461538464 0.1794871794871795 0.05128205128205128 0.02564102564102564 0.038461538461538464 0.038461538461538464 0.02564102564102564 0.05128205128205128 0.08974358974358974 0.02564102564102564 0.02564102564102564 0.08974358974358974 0.02564102564102564 0.16666666666666666 
0.031914893617021274 0.02127659574468085 0.02127659574468085 0.11702127659574468 0.40425531914893614 0.031914893617021274 0.031914893617021274 0.02127659574468085 0.02127659574468085 0.0425531914893617 0.0425531914893617 0.02127659574468085 0.031914893617021274 0.02127659574468085 0.06382978723404255 0.02127659574468085 0.05319148936170213 
0.0273972602739726 0.0410958904109589 0.0273972602739726 0.0273972602739726 0.410958904109589 0.0273972602739726 0.0273972602739726 0.0273972602739726 0.0273972602739726 0.0273972602739726 0.0547945205479452 0.0273972602739726 0.0273972602739726 0.0410958904109589 0.0684931506849315 0.0273972602739726 0.0821917808219178 
0.03333333333333333 0.05 0.03333333333333333 0.05 0.08333333333333333 0.03333333333333333 0.03333333333333333 0.03333333333333333 0.05 0.06666666666666667 0.03333333333333333 0.21666666666666667 0.05 0.06666666666666667 0.08333333333333333 0.05 0.03333333333333333 
0.024271844660194174 0.038834951456310676 0.014563106796116505 0.019417475728155338 0.11165048543689321 0.024271844660194174 0.009708737864077669 0.019417475728155338 0.009708737864077669 0.05339805825242718 0.009708737864077669 0.587378640776699 0.009708737864077669 0.019417475728155338 0.014563106796116505 0.014563106796116505 0.019417475728155338 
0.0425531914893617 0.0425531914893617 0.0425531914893617 0.06382978723404255 0.06382978723404255 0.0425531914893617 0.06382978723404255 0.0425531914893617 0.06382978723404255 0.14893617021276595 0.06382978723404255 0.0425531914893617 0.06382978723404255 0.06382978723404255 0.06382978723404255 0.0425531914893617 0.0425531914893617 
0.06896551724137931 0.05747126436781609 0.04597701149425287 0.05747126436781609 0.034482758620689655 0.06896551724137931 0.04597701149425287 0.022988505747126436 0.034482758620689655 0.05747126436781609 0.05747126436781609 0.034482758620689655 0.08045977011494253 0.034482758620689655 0.16091954022988506 0.022988505747126436 0.11494252873563218 
0.012618296529968454 0.022082018927444796 0.00946372239747634 0.006309148264984227 0.006309148264984227 0.006309148264984227 0.00946372239747634 0.006309148264984227 0.006309148264984227 0.006309148264984227 0.015772870662460567 0.006309148264984227 0.022082018927444796 0.8422712933753943 0.006309148264984227 0.006309148264984227 0.00946372239747634 
0.017035775127768313 0.028960817717206135 0.013628620102214651 0.022146507666098807 0.0068143100511073255 0.018739352640545145 0.01192504258943782 0.06303236797274275 0.010221465076660987 0.054514480408858604 0.0068143100511073255 0.013628620102214651 0.0034071550255536627 0.018739352640545145 0.015332197614991482 0.6899488926746167 0.005110732538330494 
0.02158273381294964 0.014388489208633094 0.02158273381294964 0.014388489208633094 0.02877697841726619 0.02158273381294964 0.02158273381294964 0.02877697841726619 0.03597122302158273 0.03597122302158273 0.12949640287769784 0.014388489208633094 0.07913669064748201 0.02877697841726619 0.02158273381294964 0.4676258992805755 0.014388489208633094 
0.02531645569620253 0.02531645569620253 0.2911392405063291 0.08860759493670886 0.0759493670886076 0.0379746835443038 0.0379746835443038 0.02531645569620253 0.02531645569620253 0.02531645569620253 0.02531645569620253 0.0379746835443038 0.02531645569620253 0.0759493670886076 0.02531645569620253 0.0379746835443038 0.11392405063291139 
0.03773584905660377 0.03773584905660377 0.018867924528301886 0.02830188679245283 0.08490566037735849 0.04716981132075472 0.018867924528301886 0.018867924528301886 0.02830188679245283 0.03773584905660377 0.018867924528301886 0.4811320754716981 0.03773584905660377 0.03773584905660377 0.018867924528301886 0.018867924528301886 0.02830188679245283 
0.022727272727272728 0.6647727272727273 0.011363636363636364 0.011363636363636364 0.017045454545454544 0.022727272727272728 0.011363636363636364 0.011363636363636364 0.028409090909090908 0.017045454545454544 0.028409090909090908 0.017045454545454544 0.022727272727272728 0.011363636363636364 0.022727272727272728 0.011363636363636364 0.06818181818181818 
0.026785714285714284 0.17857142857142858 0.41964285714285715 0.017857142857142856 0.05357142857142857 0.017857142857142856 0.017857142857142856 0.026785714285714284 0.026785714285714284 0.017857142857142856 0.017857142857142856 0.03571428571428571 0.017857142857142856 0.03571428571428571 0.03571428571428571 0.017857142857142856 0.03571428571428571 
0.029850746268656716 0.05970149253731343 0.029850746268656716 0.04477611940298507 0.029850746268656716 0.07462686567164178 0.07462686567164178 0.07462686567164178 0.029850746268656716 0.08955223880597014 0.05970149253731343 0.13432835820895522 0.029850746268656716 0.07462686567164178 0.04477611940298507 0.029850746268656716 0.08955223880597014 
0.01680672268907563 0.08403361344537816 0.025210084033613446 0.07563025210084033 0.058823529411764705 0.13445378151260504 0.04201680672268908 0.01680672268907563 0.05042016806722689 0.15966386554621848 0.03361344537815126 0.09243697478991597 0.058823529411764705 0.05042016806722689 0.06722689075630252 0.01680672268907563 0.01680672268907563 
0.025974025974025976 0.025974025974025976 0.22077922077922077 0.025974025974025976 0.025974025974025976 0.05194805194805195 0.025974025974025976 0.025974025974025976 0.03896103896103896 0.06493506493506493 0.05194805194805195 0.15584415584415584 0.025974025974025976 0.025974025974025976 0.09090909090909091 0.03896103896103896 0.07792207792207792 
0.018518518518518517 0.012345679012345678 0.05555555555555555 0.08641975308641975 0.1111111111111111 0.043209876543209874 0.024691358024691357 0.018518518518518517 0.043209876543209874 0.11728395061728394 0.08641975308641975 0.1111111111111111 0.030864197530864196 0.043209876543209874 0.04938271604938271 0.04938271604938271 0.09876543209876543 
0.021604938271604937 0.033950617283950615 0.04938271604938271 0.015432098765432098 0.09259259259259259 0.030864197530864196 0.030864197530864196 0.006172839506172839 0.027777777777777776 0.08641975308641975 0.024691358024691357 0.24691358024691357 0.027777777777777776 0.07407407407407407 0.06481481481481481 0.05246913580246913 0.11419753086419752 
0.04065040650406504 0.016260162601626018 0.08943089430894309 0.016260162601626018 0.3008130081300813 0.04065040650406504 0.016260162601626018 0.032520325203252036 0.056910569105691054 0.04878048780487805 0.04878048780487805 0.032520325203252036 0.056910569105691054 0.024390243902439025 0.07317073170731707 0.04878048780487805 0.056910569105691054 
0.015748031496062992 0.015748031496062992 0.015748031496062992 0.015748031496062992 0.015748031496062992 0.015748031496062992 0.015748031496062992 0.015748031496062992 0.015748031496062992 0.023622047244094488 0.7322834645669292 0.015748031496062992 0.015748031496062992 0.015748031496062992 0.015748031496062992 0.015748031496062992 0.023622047244094488 
0.02247191011235955 0.12359550561797752 0.02247191011235955 0.2808988764044944 0.0449438202247191 0.056179775280898875 0.02247191011235955 0.02247191011235955 0.02247191011235955 0.06741573033707865 0.02247191011235955 0.056179775280898875 0.033707865168539325 0.02247191011235955 0.056179775280898875 0.02247191011235955 0.10112359550561797 
0.020080321285140562 0.012048192771084338 0.12449799196787148 0.020080321285140562 0.0321285140562249 0.01606425702811245 0.05622489959839357 0.5020080321285141 0.020080321285140562 0.012048192771084338 0.03614457831325301 0.040160642570281124 0.028112449799196786 0.012048192771084338 0.04417670682730924 0.008032128514056224 0.01606425702811245 
0.05925925925925926 0.044444444444444446 0.044444444444444446 0.022222222222222223 0.1259259259259259 0.0962962962962963 0.022222222222222223 0.022222222222222223 0.05185185185185185 0.02962962962962963 0.02962962962962963 0.044444444444444446 0.02962962962962963 0.044444444444444446 0.014814814814814815 0.022222222222222223 0.2962962962962963 
0.0026223776223776225 0.005244755244755245 0.0034965034965034965 0.0017482517482517483 0.0236013986013986 0.9178321678321678 0.0017482517482517483 0.0017482517482517483 0.004370629370629371 0.005244755244755245 0.0034965034965034965 0.0034965034965034965 0.004370629370629371 0.0017482517482517483 0.008741258741258742 0.004370629370629371 0.006118881118881119 
0.043478260869565216 0.043478260869565216 0.03260869565217391 0.03260869565217391 0.03260869565217391 0.03260869565217391 0.043478260869565216 0.05434782608695652 0.05434782608695652 0.043478260869565216 0.18478260869565216 0.043478260869565216 0.09782608695652174 0.043478260869565216 0.15217391304347827 0.043478260869565216 0.021739130434782608 
0.03529411764705882 0.023529411764705882 0.047058823529411764 0.03529411764705882 0.4117647058823529 0.07058823529411765 0.023529411764705882 0.023529411764705882 0.023529411764705882 0.03529411764705882 0.047058823529411764 0.03529411764705882 0.023529411764705882 0.07058823529411765 0.047058823529411764 0.023529411764705882 0.023529411764705882 
0.8177339901477833 0.009852216748768473 0.009852216748768473 0.009852216748768473 0.009852216748768473 0.009852216748768473 0.014778325123152709 0.014778325123152709 0.014778325123152709 0.009852216748768473 0.014778325123152709 0.009852216748768473 0.009852216748768473 0.009852216748768473 0.009852216748768473 0.009852216748768473 0.014778325123152709 
0.03333333333333333 0.022222222222222223 0.18888888888888888 0.12222222222222222 0.022222222222222223 0.06666666666666667 0.044444444444444446 0.022222222222222223 0.044444444444444446 0.022222222222222223 0.05555555555555555 0.07777777777777778 0.044444444444444446 0.022222222222222223 0.06666666666666667 0.03333333333333333 0.1111111111111111 
0.034482758620689655 0.05172413793103448 0.06896551724137931 0.06896551724137931 0.06896551724137931 0.034482758620689655 0.034482758620689655 0.034482758620689655 0.06896551724137931 0.034482758620689655 0.034482758620689655 0.08620689655172414 0.034482758620689655 0.034482758620689655 0.06896551724137931 0.034482758620689655 0.20689655172413793 
0.011065006915629323 0.005532503457814661 0.006915629322268326 0.011065006915629323 0.004149377593360996 0.008298755186721992 0.0027662517289073307 0.009681881051175657 0.8865836791147994 0.0027662517289073307 0.006915629322268326 0.006915629322268326 0.011065006915629323 0.006915629322268326 0.0027662517289073307 0.006915629322268326 0.009681881051175657 
0.014018691588785047 0.08411214953271028 0.02336448598130841 0.04205607476635514 0.16355140186915887 0.037383177570093455 0.018691588785046728 0.009345794392523364 0.009345794392523364 0.02336448598130841 0.014018691588785047 0.02336448598130841 0.028037383177570093 0.037383177570093455 0.4205607476635514 0.014018691588785047 0.037383177570093455 
0.0273972602739726 0.0273972602739726 0.0410958904109589 0.0684931506849315 0.273972602739726 0.0410958904109589 0.0410958904109589 0.0273972602739726 0.0273972602739726 0.0684931506849315 0.0273972602739726 0.0410958904109589 0.0273972602739726 0.1095890410958904 0.0410958904109589 0.0547945205479452 0.0547945205479452 
0.005797101449275362 0.034782608695652174 0.7942028985507247 0.008695652173913044 0.005797101449275362 0.011594202898550725 0.005797101449275362 0.005797101449275362 0.005797101449275362 0.014492753623188406 0.011594202898550725 0.014492753623188406 0.020289855072463767 0.008695652173913044 0.020289855072463767 0.008695652173913044 0.02318840579710145 
0.0125 0.79375 0.0125 0.0125 0.0125 0.0125 0.0125 0.0125 0.0125 0.0125 0.0125 0.0125 0.01875 0.0125 0.0125 0.0125 0.0125 
0.036585365853658534 0.024390243902439025 0.0975609756097561 0.036585365853658534 0.13414634146341464 0.04878048780487805 0.024390243902439025 0.024390243902439025 0.024390243902439025 0.024390243902439025 0.06097560975609756 0.04878048780487805 0.024390243902439025 0.036585365853658534 0.036585365853658534 0.024390243902439025 0.2926829268292683 
0.03361344537815126 0.025210084033613446 0.08403361344537816 0.08403361344537816 0.14285714285714285 0.06722689075630252 0.025210084033613446 0.03361344537815126 0.03361344537815126 0.05042016806722689 0.04201680672268908 0.07563025210084033 0.08403361344537816 0.025210084033613446 0.09243697478991597 0.01680672268907563 0.08403361344537816 
0.02142857142857143 0.07857142857142857 0.02142857142857143 0.07142857142857142 0.03571428571428571 0.03571428571428571 0.02857142857142857 0.02142857142857143 0.02142857142857143 0.04285714285714286 0.03571428571428571 0.1 0.014285714285714285 0.03571428571428571 0.05714285714285714 0.014285714285714285 0.36428571428571427 
0.0425531914893617 0.03829787234042553 0.04680851063829787 0.0425531914893617 0.08085106382978724 0.02127659574468085 0.05106382978723404 0.3021276595744681 0.02553191489361702 0.029787234042553193 0.05531914893617021 0.06382978723404255 0.03829787234042553 0.029787234042553193 0.06382978723404255 0.01702127659574468 0.05106382978723404 
0.041666666666666664 0.041666666666666664 0.05555555555555555 0.027777777777777776 0.041666666666666664 0.08333333333333333 0.08333333333333333 0.027777777777777776 0.027777777777777776 0.041666666666666664 0.05555555555555555 0.18055555555555555 0.027777777777777776 0.027777777777777776 0.09722222222222222 0.05555555555555555 0.08333333333333333 
0.03 0.06 0.02 0.07 0.18 0.03 0.05 0.05 0.06 0.05 0.03 0.06 0.05 0.02 0.03 0.03 0.18 
0.023622047244094488 0.015748031496062992 0.023622047244094488 0.015748031496062992 0.015748031496062992 0.015748031496062992 0.015748031496062992 0.015748031496062992 0.015748031496062992 0.015748031496062992 0.7165354330708661 0.015748031496062992 0.015748031496062992 0.015748031496062992 0.015748031496062992 0.015748031496062992 0.031496062992125984 
0.058823529411764705 0.029411764705882353 0.051470588235294115 0.03676470588235294 0.014705882352941176 0.014705882352941176 0.014705882352941176 0.014705882352941176 0.10294117647058823 0.08823529411764706 0.11029411764705882 0.22794117647058823 0.029411764705882353 0.03676470588235294 0.03676470588235294 0.022058823529411766 0.11029411764705882 
0.06896551724137931 0.05747126436781609 0.022988505747126436 0.05747126436781609 0.034482758620689655 0.022988505747126436 0.04597701149425287 0.022988505747126436 0.034482758620689655 0.05747126436781609 0.022988505747126436 0.09195402298850575 0.034482758620689655 0.034482758620689655 0.09195402298850575 0.19540229885057472 0.10344827586206896 
0.03225806451612903 0.021505376344086023 0.021505376344086023 0.6129032258064516 0.03225806451612903 0.021505376344086023 0.03225806451612903 0.021505376344086023 0.03225806451612903 0.021505376344086023 0.021505376344086023 0.021505376344086023 0.021505376344086023 0.021505376344086023 0.021505376344086023 0.021505376344086023 0.021505376344086023 
0.025974025974025976 0.03896103896103896 0.03896103896103896 0.06493506493506493 0.2077922077922078 0.025974025974025976 0.025974025974025976 0.025974025974025976 0.03896103896103896 0.11688311688311688 0.03896103896103896 0.025974025974025976 0.03896103896103896 0.025974025974025976 0.12987012987012986 0.025974025974025976 0.1038961038961039 
0.0449438202247191 0.033707865168539325 0.02247191011235955 0.0449438202247191 0.056179775280898875 0.06741573033707865 0.07865168539325842 0.033707865168539325 0.056179775280898875 0.02247191011235955 0.14606741573033707 0.0898876404494382 0.056179775280898875 0.056179775280898875 0.07865168539325842 0.02247191011235955 0.0898876404494382 
0.013888888888888888 0.0625 0.0763888888888889 0.10416666666666667 0.013888888888888888 0.034722222222222224 0.027777777777777776 0.020833333333333332 0.013888888888888888 0.3541666666666667 0.041666666666666664 0.041666666666666664 0.013888888888888888 0.041666666666666664 0.034722222222222224 0.020833333333333332 0.08333333333333333 
0.01910828025477707 0.07643312101910828 0.06369426751592357 0.03821656050955414 0.1337579617834395 0.06369426751592357 0.01910828025477707 0.01910828025477707 0.050955414012738856 0.044585987261146494 0.012738853503184714 0.28662420382165604 0.01910828025477707 0.07643312101910828 0.025477707006369428 0.012738853503184714 0.03821656050955414 
0.02631578947368421 0.13157894736842105 0.05263157894736842 0.05263157894736842 0.11842105263157894 0.02631578947368421 0.039473684210526314 0.05263157894736842 0.05263157894736842 0.06578947368421052 0.02631578947368421 0.05263157894736842 0.02631578947368421 0.039473684210526314 0.07894736842105263 0.02631578947368421 0.13157894736842105 
0.029940119760479042 0.041916167664670656 0.023952095808383235 0.08383233532934131 0.041916167664670656 0.059880239520958084 0.011976047904191617 0.011976047904191617 0.011976047904191617 0.12574850299401197 0.023952095808383235 0.07784431137724551 0.059880239520958084 0.16167664670658682 0.08982035928143713 0.05389221556886228 0.08982035928143713 
0.02912621359223301 0.02912621359223301 0.11650485436893204 0.019417475728155338 0.13592233009708737 0.1262135922330097 0.05825242718446602 0.019417475728155338 0.019417475728155338 0.06796116504854369 0.02912621359223301 0.038834951456310676 0.038834951456310676 0.07766990291262135 0.1262135922330097 0.019417475728155338 0.04854368932038835 
0.029411764705882353 0.029411764705882353 0.029411764705882353 0.029411764705882353 0.04411764705882353 0.029411764705882353 0.029411764705882353 0.029411764705882353 0.029411764705882353 0.029411764705882353 0.04411764705882353 0.029411764705882353 0.029411764705882353 0.029411764705882353 0.029411764705882353 0.029411764705882353 0.5 
0.05405405405405406 0.02702702702702703 0.05405405405405406 0.05405405405405406 0.06756756756756757 0.05405405405405406 0.10810810810810811 0.06756756756756757 0.04054054054054054 0.06756756756756757 0.02702702702702703 0.04054054054054054 0.04054054054054054 0.10810810810810811 0.05405405405405406 0.08108108108108109 0.05405405405405406 
0.08620689655172414 0.034482758620689655 0.05172413793103448 0.1206896551724138 0.05172413793103448 0.05172413793103448 0.034482758620689655 0.034482758620689655 0.05172413793103448 0.06896551724137931 0.05172413793103448 0.034482758620689655 0.06896551724137931 0.034482758620689655 0.08620689655172414 0.034482758620689655 0.10344827586206896 
0.024390243902439025 0.04878048780487805 0.07317073170731707 0.06097560975609756 0.036585365853658534 0.04878048780487805 0.036585365853658534 0.036585365853658534 0.036585365853658534 0.036585365853658534 0.04878048780487805 0.25609756097560976 0.024390243902439025 0.04878048780487805 0.04878048780487805 0.024390243902439025 0.10975609756097561 
0.029411764705882353 0.058823529411764705 0.07352941176470588 0.07352941176470588 0.04411764705882353 0.029411764705882353 0.029411764705882353 0.04411764705882353 0.058823529411764705 0.08823529411764706 0.04411764705882353 0.16176470588235295 0.029411764705882353 0.08823529411764706 0.04411764705882353 0.029411764705882353 0.07352941176470588 
0.014285714285714285 0.047619047619047616 0.02857142857142857 0.01904761904761905 0.48095238095238096 0.014285714285714285 0.014285714285714285 0.009523809523809525 0.009523809523809525 0.09523809523809523 0.05238095238095238 0.009523809523809525 0.03333333333333333 0.05714285714285714 0.02857142857142857 0.05238095238095238 0.03333333333333333 
0.044444444444444446 0.044444444444444446 0.03333333333333333 0.03333333333333333 0.14444444444444443 0.05555555555555555 0.03333333333333333 0.022222222222222223 0.022222222222222223 0.15555555555555556 0.044444444444444446 0.05555555555555555 0.044444444444444446 0.022222222222222223 0.08888888888888889 0.07777777777777778 0.07777777777777778 
0.01875 0.76875 0.01875 0.0125 0.0125 0.0125 0.01875 0.0125 0.01875 0.0125 0.0125 0.0125 0.01875 0.0125 0.0125 0.0125 0.0125 
0.023622047244094488 0.015748031496062992 0.023622047244094488 0.4566929133858268 0.03937007874015748 0.05511811023622047 0.031496062992125984 0.015748031496062992 0.047244094488188976 0.05511811023622047 0.03937007874015748 0.015748031496062992 0.07874015748031496 0.023622047244094488 0.023622047244094488 0.015748031496062992 0.03937007874015748 
0.057692307692307696 0.07692307692307693 0.057692307692307696 0.11538461538461539 0.057692307692307696 0.057692307692307696 0.038461538461538464 0.038461538461538464 0.07692307692307693 0.07692307692307693 0.038461538461538464 0.038461538461538464 0.038461538461538464 0.038461538461538464 0.09615384615384616 0.038461538461538464 0.057692307692307696 
0.019230769230769232 0.028846153846153848 0.019230769230769232 0.10576923076923077 0.028846153846153848 0.038461538461538464 0.038461538461538464 0.019230769230769232 0.019230769230769232 0.038461538461538464 0.2980769230769231 0.1346153846153846 0.057692307692307696 0.08653846153846154 0.028846153846153848 0.019230769230769232 0.019230769230769232 
0.010582010582010581 0.021164021164021163 0.047619047619047616 0.031746031746031744 0.4656084656084656 0.05291005291005291 0.021164021164021163 0.010582010582010581 0.026455026455026454 0.08465608465608465 0.031746031746031744 0.07407407407407407 0.042328042328042326 0.031746031746031744 0.021164021164021163 0.010582010582010581 0.015873015873015872 
0.008928571428571428 0.026785714285714284 0.03125 0.09375 0.049107142857142856 0.10714285714285714 0.05803571428571429 0.008928571428571428 0.013392857142857142 0.13839285714285715 0.044642857142857144 0.049107142857142856 0.008928571428571428 0.15625 0.13839285714285715 0.008928571428571428 0.05803571428571429 
0.0625 0.0625 0.15625 0.03125 0.03125 0.09375 0.046875 0.03125 0.09375 0.046875 0.03125 0.125 0.03125 0.046875 0.03125 0.03125 0.046875 
0.05970149253731343 0.08955223880597014 0.029850746268656716 0.05970149253731343 0.05970149253731343 0.04477611940298507 0.029850746268656716 0.04477611940298507 0.029850746268656716 0.05970149253731343 0.04477611940298507 0.05970149253731343 0.029850746268656716 0.04477611940298507 0.1791044776119403 0.04477611940298507 0.08955223880597014 
0.04310344827586207 0.017241379310344827 0.603448275862069 0.017241379310344827 0.017241379310344827 0.017241379310344827 0.017241379310344827 0.017241379310344827 0.017241379310344827 0.02586206896551724 0.017241379310344827 0.034482758620689655 0.02586206896551724 0.04310344827586207 0.034482758620689655 0.017241379310344827 0.034482758620689655 
0.0410958904109589 0.0547945205479452 0.0273972602739726 0.0958904109589041 0.2191780821917808 0.1095890410958904 0.0410958904109589 0.0273972602739726 0.0273972602739726 0.0410958904109589 0.0273972602739726 0.0410958904109589 0.0684931506849315 0.0547945205479452 0.0410958904109589 0.0273972602739726 0.0547945205479452 
0.04411764705882353 0.08823529411764706 0.04411764705882353 0.058823529411764705 0.04411764705882353 0.058823529411764705 0.058823529411764705 0.04411764705882353 0.04411764705882353 0.058823529411764705 0.029411764705882353 0.11764705882352941 0.07352941176470588 0.10294117647058823 0.04411764705882353 0.04411764705882353 0.04411764705882353 
0.03418803418803419 0.05128205128205128 0.02564102564102564 0.08547008547008547 0.10256410256410256 0.017094017094017096 0.02564102564102564 0.017094017094017096 0.05128205128205128 0.05128205128205128 0.05128205128205128 0.11965811965811966 0.07692307692307693 0.07692307692307693 0.06837606837606838 0.05128205128205128 0.09401709401709402 
0.030303030303030304 0.21212121212121213 0.06060606060606061 0.12121212121212122 0.030303030303030304 0.045454545454545456 0.09090909090909091 0.030303030303030304 0.045454545454545456 0.030303030303030304 0.030303030303030304 0.06060606060606061 0.030303030303030304 0.030303030303030304 0.045454545454545456 0.045454545454545456 0.06060606060606061 
0.047619047619047616 0.031746031746031744 0.07936507936507936 0.031746031746031744 0.047619047619047616 0.031746031746031744 0.07936507936507936 0.031746031746031744 0.06349206349206349 0.07936507936507936 0.047619047619047616 0.047619047619047616 0.06349206349206349 0.07936507936507936 0.15873015873015872 0.047619047619047616 0.031746031746031744 
0.041237113402061855 0.020618556701030927 0.020618556701030927 0.041237113402061855 0.030927835051546393 0.020618556701030927 0.030927835051546393 0.061855670103092786 0.061855670103092786 0.041237113402061855 0.020618556701030927 0.020618556701030927 0.44329896907216493 0.030927835051546393 0.041237113402061855 0.05154639175257732 0.020618556701030927 
0.027777777777777776 0.027777777777777776 0.06944444444444445 0.1111111111111111 0.2222222222222222 0.027777777777777776 0.041666666666666664 0.027777777777777776 0.041666666666666664 0.06944444444444445 0.027777777777777776 0.06944444444444445 0.027777777777777776 0.027777777777777776 0.027777777777777776 0.027777777777777776 0.125 
0.02666666666666667 0.02666666666666667 0.09333333333333334 0.12 0.18666666666666668 0.02666666666666667 0.02666666666666667 0.02666666666666667 0.08 0.02666666666666667 0.06666666666666667 0.02666666666666667 0.04 0.05333333333333334 0.06666666666666667 0.02666666666666667 0.08 
0.007598784194528876 0.022796352583586626 0.019756838905775075 0.02735562310030395 0.06534954407294832 0.0425531914893617 0.041033434650455926 0.4316109422492401 0.0182370820668693 0.0243161094224924 0.016717325227963525 0.06534954407294832 0.08814589665653495 0.00911854103343465 0.08054711246200608 0.007598784194528876 0.031914893617021274 
0.04017857142857143 0.026785714285714284 0.013392857142857142 0.03125 0.008928571428571428 0.013392857142857142 0.013392857142857142 0.47767857142857145 0.026785714285714284 0.013392857142857142 0.013392857142857142 0.16964285714285715 0.022321428571428572 0.008928571428571428 0.049107142857142856 0.049107142857142856 0.022321428571428572 
0.06666666666666667 0.041666666666666664 0.058333333333333334 0.05 0.14166666666666666 0.075 0.016666666666666666 0.016666666666666666 0.016666666666666666 0.10833333333333334 0.06666666666666667 0.1 0.03333333333333333 0.025 0.09166666666666666 0.025 0.06666666666666667 
0.028169014084507043 0.04225352112676056 0.07042253521126761 0.056338028169014086 0.056338028169014086 0.04225352112676056 0.056338028169014086 0.028169014084507043 0.04225352112676056 0.07042253521126761 0.056338028169014086 0.028169014084507043 0.056338028169014086 0.07042253521126761 0.04225352112676056 0.056338028169014086 0.19718309859154928 
0.013513513513513514 0.0472972972972973 0.0472972972972973 0.08783783783783784 0.1891891891891892 0.07432432432432433 0.05405405405405406 0.02027027027027027 0.02027027027027027 0.033783783783783786 0.05405405405405406 0.08783783783783784 0.02027027027027027 0.02702702702702703 0.05405405405405406 0.013513513513513514 0.1554054054054054 
0.04 0.06666666666666667 0.05333333333333334 0.06666666666666667 0.04 0.06666666666666667 0.05333333333333334 0.02666666666666667 0.05333333333333334 0.06666666666666667 0.09333333333333334 0.09333333333333334 0.04 0.04 0.02666666666666667 0.05333333333333334 0.12 
0.0125 0.7875 0.0125 0.0125 0.0125 0.0125 0.0125 0.0125 0.01875 0.0125 0.0125 0.0125 0.0125 0.0125 0.0125 0.0125 0.01875 
0.021505376344086023 0.043010752688172046 0.043010752688172046 0.053763440860215055 0.3978494623655914 0.03225806451612903 0.021505376344086023 0.021505376344086023 0.03225806451612903 0.06451612903225806 0.043010752688172046 0.043010752688172046 0.021505376344086023 0.03225806451612903 0.043010752688172046 0.043010752688172046 0.043010752688172046 
0.04838709677419355 0.04838709677419355 0.03225806451612903 0.04838709677419355 0.03225806451612903 0.12903225806451613 0.04838709677419355 0.04838709677419355 0.06451612903225806 0.04838709677419355 0.06451612903225806 0.06451612903225806 0.03225806451612903 0.11290322580645161 0.11290322580645161 0.03225806451612903 0.03225806451612903 
0.034482758620689655 0.06896551724137931 0.034482758620689655 0.034482758620689655 0.05172413793103448 0.1206896551724138 0.05172413793103448 0.034482758620689655 0.05172413793103448 0.05172413793103448 0.034482758620689655 0.10344827586206896 0.034482758620689655 0.05172413793103448 0.10344827586206896 0.034482758620689655 0.10344827586206896 
0.012738853503184714 0.03184713375796178 0.012738853503184714 0.5987261146496815 0.05732484076433121 0.012738853503184714 0.01910828025477707 0.025477707006369428 0.01910828025477707 0.050955414012738856 0.01910828025477707 0.01910828025477707 0.012738853503184714 0.012738853503184714 0.012738853503184714 0.012738853503184714 0.07006369426751592 
0.05333333333333334 0.06666666666666667 0.09333333333333334 0.02666666666666667 0.05333333333333334 0.05333333333333334 0.05333333333333334 0.02666666666666667 0.05333333333333334 0.04 0.02666666666666667 0.13333333333333333 0.13333333333333333 0.04 0.04 0.02666666666666667 0.08 
0.037037037037037035 0.037037037037037035 0.2222222222222222 0.037037037037037035 0.024691358024691357 0.037037037037037035 0.04938271604938271 0.024691358024691357 0.06172839506172839 0.1111111111111111 0.04938271604938271 0.037037037037037035 0.037037037037037035 0.06172839506172839 0.037037037037037035 0.037037037037037035 0.09876543209876543 
0.045454545454545456 0.045454545454545456 0.030303030303030304 0.045454545454545456 0.16666666666666666 0.10606060606060606 0.045454545454545456 0.030303030303030304 0.045454545454545456 0.06060606060606061 0.030303030303030304 0.06060606060606061 0.030303030303030304 0.045454545454545456 0.13636363636363635 0.030303030303030304 0.045454545454545456 
0.04918032786885246 0.06557377049180328 0.06557377049180328 0.06557377049180328 0.19672131147540983 0.03278688524590164 0.06557377049180328 0.04918032786885246 0.03278688524590164 0.04918032786885246 0.03278688524590164 0.03278688524590164 0.03278688524590164 0.03278688524590164 0.11475409836065574 0.03278688524590164 0.04918032786885246 
0.025 0.016666666666666666 0.03333333333333333 0.475 0.041666666666666664 0.016666666666666666 0.03333333333333333 0.025 0.025 0.025 0.05 0.025 0.016666666666666666 0.06666666666666667 0.041666666666666664 0.03333333333333333 0.05 
0.02040816326530612 0.02040816326530612 0.02040816326530612 0.04081632653061224 0.02040816326530612 0.030612244897959183 0.02040816326530612 0.02040816326530612 0.030612244897959183 0.4489795918367347 0.08163265306122448 0.05102040816326531 0.02040816326530612 0.030612244897959183 0.030612244897959183 0.02040816326530612 0.09183673469387756 
0.030927835051546393 0.05154639175257732 0.061855670103092786 0.16494845360824742 0.041237113402061855 0.020618556701030927 0.020618556701030927 0.020618556701030927 0.020618556701030927 0.09278350515463918 0.05154639175257732 0.061855670103092786 0.041237113402061855 0.09278350515463918 0.030927835051546393 0.10309278350515463 0.09278350515463918 
0.03225806451612903 0.03225806451612903 0.0967741935483871 0.04838709677419355 0.0967741935483871 0.06451612903225806 0.04838709677419355 0.03225806451612903 0.08064516129032258 0.03225806451612903 0.03225806451612903 0.06451612903225806 0.03225806451612903 0.04838709677419355 0.08064516129032258 0.06451612903225806 0.11290322580645161 
0.022900763358778626 0.061068702290076333 0.04580152671755725 0.06870229007633588 0.11450381679389313 0.10687022900763359 0.022900763358778626 0.015267175572519083 0.030534351145038167 0.015267175572519083 0.04580152671755725 0.12213740458015267 0.06870229007633588 0.07633587786259542 0.0916030534351145 0.061068702290076333 0.030534351145038167 
0.047058823529411764 0.03529411764705882 0.07058823529411765 0.058823529411764705 0.023529411764705882 0.047058823529411764 0.023529411764705882 0.023529411764705882 0.03529411764705882 0.03529411764705882 0.058823529411764705 0.29411764705882354 0.023529411764705882 0.058823529411764705 0.047058823529411764 0.023529411764705882 0.09411764705882353 
0.050980392156862744 0.023529411764705882 0.03137254901960784 0.0392156862745098 0.0392156862745098 0.011764705882352941 0.07450980392156863 0.45098039215686275 0.03137254901960784 0.011764705882352941 0.011764705882352941 0.058823529411764705 0.01568627450980392 0.023529411764705882 0.03529411764705882 0.023529411764705882 0.06666666666666667 
0.0273972602739726 0.0410958904109589 0.0273972602739726 0.0410958904109589 0.410958904109589 0.0273972602739726 0.0273972602739726 0.0273972602739726 0.0410958904109589 0.0547945205479452 0.0273972602739726 0.0273972602739726 0.0273972602739726 0.0273972602739726 0.0547945205479452 0.0273972602739726 0.0821917808219178 
0.7983193277310925 0.008403361344537815 0.008403361344537815 0.012605042016806723 0.012605042016806723 0.012605042016806723 0.012605042016806723 0.012605042016806723 0.012605042016806723 0.01680672268907563 0.01680672268907563 0.012605042016806723 0.012605042016806723 0.012605042016806723 0.012605042016806723 0.012605042016806723 0.012605042016806723 
0.02830188679245283 0.03773584905660377 0.09433962264150944 0.08490566037735849 0.19811320754716982 0.05660377358490566 0.03773584905660377 0.018867924528301886 0.03773584905660377 0.04716981132075472 0.018867924528301886 0.05660377358490566 0.08490566037735849 0.04716981132075472 0.08490566037735849 0.018867924528301886 0.04716981132075472 
0.027972027972027972 0.013986013986013986 0.04195804195804196 0.13986013986013987 0.16783216783216784 0.055944055944055944 0.027972027972027972 0.02097902097902098 0.013986013986013986 0.04895104895104895 0.11188811188811189 0.02097902097902098 0.055944055944055944 0.0979020979020979 0.04895104895104895 0.03496503496503497 0.06993006993006994 
0.014084507042253521 0.014084507042253521 0.028169014084507043 0.014084507042253521 0.014084507042253521 0.02112676056338028 0.02112676056338028 0.647887323943662 0.014084507042253521 0.028169014084507043 0.035211267605633804 0.02112676056338028 0.028169014084507043 0.014084507042253521 0.028169014084507043 0.04225352112676056 0.014084507042253521 
0.025 0.05 0.03333333333333333 0.025 0.05 0.041666666666666664 0.025 0.05 0.06666666666666667 0.058333333333333334 0.18333333333333332 0.225 0.05 0.03333333333333333 0.041666666666666664 0.016666666666666666 0.025 
0.020618556701030927 0.010309278350515464 0.015463917525773196 0.010309278350515464 0.010309278350515464 0.010309278350515464 0.010309278350515464 0.010309278350515464 0.015463917525773196 0.015463917525773196 0.7938144329896907 0.015463917525773196 0.010309278350515464 0.010309278350515464 0.010309278350515464 0.010309278350515464 0.020618556701030927 
0.034482758620689655 0.05172413793103448 0.034482758620689655 0.05172413793103448 0.05172413793103448 0.034482758620689655 0.05172413793103448 0.034482758620689655 0.1206896551724138 0.10344827586206896 0.05172413793103448 0.034482758620689655 0.08620689655172414 0.05172413793103448 0.10344827586206896 0.06896551724137931 0.034482758620689655 
0.029411764705882353 0.0196078431372549 0.049019607843137254 0.13725490196078433 0.22549019607843138 0.049019607843137254 0.0196078431372549 0.0392156862745098 0.0392156862745098 0.049019607843137254 0.029411764705882353 0.06862745098039216 0.049019607843137254 0.029411764705882353 0.06862745098039216 0.049019607843137254 0.049019607843137254 
0.047058823529411764 0.11764705882352941 0.03529411764705882 0.023529411764705882 0.023529411764705882 0.03529411764705882 0.047058823529411764 0.03529411764705882 0.03529411764705882 0.058823529411764705 0.047058823529411764 0.1411764705882353 0.07058823529411765 0.047058823529411764 0.03529411764705882 0.047058823529411764 0.15294117647058825 
