0.038135593220338986 0.00847457627118644 0.05084745762711865 0.046610169491525424 0.0211864406779661 0.038135593220338986 0.01694915254237288 0.08898305084745763 0.012711864406779662 0.01694915254237288 0.038135593220338986 0.012711864406779662 0.03389830508474576 0.059322033898305086 0.05084745762711865 0.07627118644067797 0.01694915254237288 0.012711864406779662 0.00847457627118644 0.01694915254237288 0.038135593220338986 0.09322033898305085 0.07627118644067797 0.11440677966101695 0.012711864406779662 
0.031578947368421054 0.08421052631578947 0.031578947368421054 0.042105263157894736 0.042105263157894736 0.031578947368421054 0.05263157894736842 0.08421052631578947 0.021052631578947368 0.031578947368421054 0.05263157894736842 0.06315789473684211 0.021052631578947368 0.021052631578947368 0.021052631578947368 0.021052631578947368 0.021052631578947368 0.042105263157894736 0.031578947368421054 0.021052631578947368 0.06315789473684211 0.031578947368421054 0.021052631578947368 0.06315789473684211 0.05263157894736842 
0.031914893617021274 0.02127659574468085 0.0425531914893617 0.02127659574468085 0.19148936170212766 0.07446808510638298 0.02127659574468085 0.02127659574468085 0.0425531914893617 0.02127659574468085 0.02127659574468085 0.02127659574468085 0.031914893617021274 0.02127659574468085 0.02127659574468085 0.02127659574468085 0.0851063829787234 0.02127659574468085 0.09574468085106383 0.02127659574468085 0.0425531914893617 0.031914893617021274 0.02127659574468085 0.031914893617021274 0.02127659574468085 
0.036585365853658534 0.024390243902439025 0.024390243902439025 0.024390243902439025 0.04878048780487805 0.07317073170731707 0.08536585365853659 0.024390243902439025 0.036585365853658534 0.024390243902439025 0.06097560975609756 0.024390243902439025 0.04878048780487805 0.024390243902439025 0.06097560975609756 0.024390243902439025 0.04878048780487805 0.036585365853658534 0.04878048780487805 0.07317073170731707 0.024390243902439025 0.036585365853658534 0.024390243902439025 0.024390243902439025 0.036585365853658534 
0.011494252873563218 0.017241379310344827 0.011494252873563218 0.011494252873563218 0.028735632183908046 0.017241379310344827 0.034482758620689655 0.011494252873563218 0.017241379310344827 0.028735632183908046 0.39080459770114945 0.028735632183908046 0.011494252873563218 0.034482758620689655 0.011494252873563218 0.011494252873563218 0.022988505747126436 0.022988505747126436 0.07471264367816093 0.10919540229885058 0.017241379310344827 0.017241379310344827 0.022988505747126436 0.022988505747126436 0.011494252873563218 
0.020202020202020204 0.030303030303030304 0.04040404040404041 0.030303030303030304 0.020202020202020204 0.020202020202020204 0.020202020202020204 0.020202020202020204 0.04040404040404041 0.1414141414141414 0.04040404040404041 0.06060606060606061 0.04040404040404041 0.04040404040404041 0.04040404040404041 0.020202020202020204 0.020202020202020204 0.06060606060606061 0.09090909090909091 0.04040404040404041 0.020202020202020204 0.030303030303030304 0.04040404040404041 0.030303030303030304 0.04040404040404041 
0.038461538461538464 0.05128205128205128 0.02564102564102564 0.05128205128205128 0.05128205128205128 0.02564102564102564 0.02564102564102564 0.038461538461538464 0.038461538461538464 0.05128205128205128 0.02564102564102564 0.02564102564102564 0.02564102564102564 0.05128205128205128 0.07692307692307693 0.02564102564102564 0.02564102564102564 0.02564102564102564 0.02564102564102564 0.05128205128205128 0.038461538461538464 0.07692307692307693 0.0641025641025641 0.038461538461538464 0.02564102564102564 
0.024390243902439025 0.04065040650406504 0.032520325203252036 0.016260162601626018 0.032520325203252036 0.0975609756097561 0.13821138211382114 0.016260162601626018 0.016260162601626018 0.032520325203252036 0.06504065040650407 0.024390243902439025 0.024390243902439025 0.016260162601626018 0.06504065040650407 0.016260162601626018 0.04878048780487805 0.024390243902439025 0.024390243902439025 0.016260162601626018 0.04065040650406504 0.032520325203252036 0.032520325203252036 0.0975609756097561 0.024390243902439025 
0.005934718100890208 0.005934718100890208 0.005934718100890208 0.8367952522255193 0.005934718100890208 0.005934718100890208 0.008902077151335312 0.005934718100890208 0.005934718100890208 0.005934718100890208 0.005934718100890208 0.005934718100890208 0.005934718100890208 0.008902077151335312 0.005934718100890208 0.008902077151335312 0.005934718100890208 0.005934718100890208 0.017804154302670624 0.005934718100890208 0.005934718100890208 0.005934718100890208 0.005934718100890208 0.005934718100890208 0.005934718100890208 
0.03571428571428571 0.07142857142857142 0.03571428571428571 0.03571428571428571 0.03571428571428571 0.03571428571428571 0.03571428571428571 0.03571428571428571 0.05357142857142857 0.03571428571428571 0.03571428571428571 0.03571428571428571 0.05357142857142857 0.03571428571428571 0.03571428571428571 0.03571428571428571 0.03571428571428571 0.03571428571428571 0.03571428571428571 0.03571428571428571 0.03571428571428571 0.05357142857142857 0.03571428571428571 0.03571428571428571 0.05357142857142857 
0.08333333333333333 0.025 0.016666666666666666 0.016666666666666666 0.016666666666666666 0.09166666666666666 0.05 0.041666666666666664 0.025 0.025 0.03333333333333333 0.016666666666666666 0.016666666666666666 0.025 0.025 0.03333333333333333 0.18333333333333332 0.058333333333333334 0.016666666666666666 0.025 0.025 0.03333333333333333 0.03333333333333333 0.03333333333333333 0.05 
0.0091324200913242 0.0091324200913242 0.0091324200913242 0.7351598173515982 0.0091324200913242 0.0136986301369863 0.0091324200913242 0.0136986301369863 0.0136986301369863 0.0091324200913242 0.0091324200913242 0.0091324200913242 0.0091324200913242 0.0091324200913242 0.0091324200913242 0.0273972602739726 0.0091324200913242 0.0091324200913242 0.0182648401826484 0.0136986301369863 0.0091324200913242 0.0091324200913242 0.0091324200913242 0.0091324200913242 0.0091324200913242 
0.06756756756756757 0.02702702702702703 0.02702702702702703 0.02702702702702703 0.02702702702702703 0.05405405405405406 0.05405405405405406 0.04054054054054054 0.02702702702702703 0.02702702702702703 0.02702702702702703 0.04054054054054054 0.02702702702702703 0.05405405405405406 0.04054054054054054 0.04054054054054054 0.06756756756756757 0.02702702702702703 0.02702702702702703 0.05405405405405406 0.02702702702702703 0.04054054054054054 0.02702702702702703 0.05405405405405406 0.06756756756756757 
0.05319148936170213 0.05319148936170213 0.031914893617021274 0.02127659574468085 0.0425531914893617 0.11702127659574468 0.0425531914893617 0.02127659574468085 0.02127659574468085 0.06382978723404255 0.031914893617021274 0.0425531914893617 0.02127659574468085 0.02127659574468085 0.0425531914893617 0.02127659574468085 0.031914893617021274 0.02127659574468085 0.13829787234042554 0.02127659574468085 0.02127659574468085 0.02127659574468085 0.02127659574468085 0.05319148936170213 0.02127659574468085 
0.01818181818181818 0.045454545454545456 0.01818181818181818 0.01818181818181818 0.02727272727272727 0.08181818181818182 0.01818181818181818 0.01818181818181818 0.01818181818181818 0.02727272727272727 0.045454545454545456 0.01818181818181818 0.06363636363636363 0.02727272727272727 0.02727272727272727 0.01818181818181818 0.02727272727272727 0.02727272727272727 0.2818181818181818 0.045454545454545456 0.02727272727272727 0.01818181818181818 0.02727272727272727 0.02727272727272727 0.02727272727272727 
0.02247191011235955 0.02247191011235955 0.02247191011235955 0.02247191011235955 0.02247191011235955 0.38202247191011235 0.02247191011235955 0.02247191011235955 0.02247191011235955 0.02247191011235955 0.0449438202247191 0.02247191011235955 0.02247191011235955 0.02247191011235955 0.02247191011235955 0.02247191011235955 0.0449438202247191 0.02247191011235955 0.033707865168539325 0.02247191011235955 0.02247191011235955 0.02247191011235955 0.02247191011235955 0.0449438202247191 0.02247191011235955 
0.05263157894736842 0.06578947368421052 0.039473684210526314 0.02631578947368421 0.02631578947368421 0.039473684210526314 0.02631578947368421 0.039473684210526314 0.02631578947368421 0.039473684210526314 0.039473684210526314 0.02631578947368421 0.039473684210526314 0.039473684210526314 0.039473684210526314 0.02631578947368421 0.039473684210526314 0.02631578947368421 0.05263157894736842 0.05263157894736842 0.06578947368421052 0.02631578947368421 0.02631578947368421 0.09210526315789473 0.02631578947368421 
0.018018018018018018 0.02252252252252252 0.013513513513513514 0.02252252252252252 0.009009009009009009 0.013513513513513514 0.013513513513513514 0.4594594594594595 0.009009009009009009 0.009009009009009009 0.02702702702702703 0.03153153153153153 0.013513513513513514 0.018018018018018018 0.013513513513513514 0.009009009009009009 0.013513513513513514 0.009009009009009009 0.09009009009009009 0.02702702702702703 0.013513513513513514 0.009009009009009009 0.02702702702702703 0.06756756756756757 0.04054054054054054 
0.047619047619047616 0.06349206349206349 0.047619047619047616 0.047619047619047616 0.031746031746031744 0.047619047619047616 0.047619047619047616 0.031746031746031744 0.047619047619047616 0.031746031746031744 0.031746031746031744 0.031746031746031744 0.031746031746031744 0.047619047619047616 0.031746031746031744 0.031746031746031744 0.031746031746031744 0.031746031746031744 0.06349206349206349 0.031746031746031744 0.031746031746031744 0.031746031746031744 0.031746031746031744 0.06349206349206349 0.031746031746031744 
0.04854368932038835 0.05825242718446602 0.019417475728155338 0.02912621359223301 0.02912621359223301 0.04854368932038835 0.04854368932038835 0.05825242718446602 0.019417475728155338 0.019417475728155338 0.038834951456310676 0.019417475728155338 0.019417475728155338 0.06796116504854369 0.038834951456310676 0.019417475728155338 0.05825242718446602 0.02912621359223301 0.1553398058252427 0.019417475728155338 0.038834951456310676 0.038834951456310676 0.019417475728155338 0.02912621359223301 0.02912621359223301 
0.006006006006006006 0.009009009009009009 0.006006006006006006 0.006006006006006006 0.006006006006006006 0.024024024024024024 0.006006006006006006 0.006006006006006006 0.006006006006006006 0.006006006006006006 0.012012012012012012 0.006006006006006006 0.006006006006006006 0.015015015015015015 0.006006006006006006 0.006006006006006006 0.009009009009009009 0.009009009009009009 0.006006006006006006 0.8138138138138138 0.006006006006006006 0.006006006006006006 0.006006006006006006 0.006006006006006006 0.006006006006006006 
0.003316749585406302 0.006633499170812604 0.006633499170812604 0.014925373134328358 0.11608623548922056 0.003316749585406302 0.004975124378109453 0.5804311774461028 0.04311774461028192 0.03150912106135987 0.004975124378109453 0.004975124378109453 0.008291873963515755 0.004975124378109453 0.013266998341625208 0.04809286898839138 0.004975124378109453 0.009950248756218905 0.006633499170812604 0.011608623548922056 0.014925373134328358 0.004975124378109453 0.01824212271973466 0.01658374792703151 0.01658374792703151 
0.01935483870967742 0.01935483870967742 0.025806451612903226 0.01935483870967742 0.04516129032258064 0.012903225806451613 0.08387096774193549 0.43870967741935485 0.025806451612903226 0.012903225806451613 0.01935483870967742 0.03225806451612903 0.01935483870967742 0.012903225806451613 0.01935483870967742 0.01935483870967742 0.01935483870967742 0.012903225806451613 0.012903225806451613 0.01935483870967742 0.01935483870967742 0.01935483870967742 0.03870967741935484 0.01935483870967742 0.012903225806451613 
0.021052631578947368 0.021052631578947368 0.021052631578947368 0.042105263157894736 0.021052631578947368 0.10526315789473684 0.021052631578947368 0.05263157894736842 0.042105263157894736 0.07368421052631578 0.021052631578947368 0.042105263157894736 0.021052631578947368 0.021052631578947368 0.021052631578947368 0.021052631578947368 0.17894736842105263 0.031578947368421054 0.042105263157894736 0.06315789473684211 0.021052631578947368 0.021052631578947368 0.031578947368421054 0.021052631578947368 0.021052631578947368 
0.04918032786885246 0.040983606557377046 0.01639344262295082 0.01639344262295082 0.01639344262295082 0.02459016393442623 0.02459016393442623 0.32786885245901637 0.02459016393442623 0.04918032786885246 0.03278688524590164 0.040983606557377046 0.03278688524590164 0.02459016393442623 0.02459016393442623 0.01639344262295082 0.01639344262295082 0.02459016393442623 0.040983606557377046 0.03278688524590164 0.01639344262295082 0.01639344262295082 0.02459016393442623 0.02459016393442623 0.040983606557377046 
0.010416666666666666 0.020833333333333332 0.026041666666666668 0.015625 0.010416666666666666 0.036458333333333336 0.026041666666666668 0.010416666666666666 0.010416666666666666 0.020833333333333332 0.010416666666666666 0.010416666666666666 0.010416666666666666 0.010416666666666666 0.015625 0.010416666666666666 0.010416666666666666 0.010416666666666666 0.010416666666666666 0.03125 0.010416666666666666 0.020833333333333332 0.010416666666666666 0.026041666666666668 0.6145833333333334 
0.015625 0.015625 0.015625 0.015625 0.015625 0.0703125 0.015625 0.015625 0.0234375 0.015625 0.015625 0.0390625 0.015625 0.015625 0.390625 0.015625 0.03125 0.015625 0.015625 0.0625 0.0234375 0.0234375 0.015625 0.015625 0.0859375 
0.03508771929824561 0.07017543859649122 0.03508771929824561 0.03508771929824561 0.03508771929824561 0.03508771929824561 0.03508771929824561 0.03508771929824561 0.03508771929824561 0.03508771929824561 0.03508771929824561 0.03508771929824561 0.03508771929824561 0.07017543859649122 0.05263157894736842 0.05263157894736842 0.03508771929824561 0.03508771929824561 0.03508771929824561 0.05263157894736842 0.03508771929824561 0.03508771929824561 0.03508771929824561 0.03508771929824561 0.03508771929824561 
0.03614457831325301 0.04819277108433735 0.04819277108433735 0.04819277108433735 0.024096385542168676 0.03614457831325301 0.024096385542168676 0.024096385542168676 0.024096385542168676 0.024096385542168676 0.04819277108433735 0.04819277108433735 0.03614457831325301 0.024096385542168676 0.07228915662650602 0.024096385542168676 0.04819277108433735 0.04819277108433735 0.024096385542168676 0.04819277108433735 0.060240963855421686 0.03614457831325301 0.04819277108433735 0.024096385542168676 0.07228915662650602 
0.022222222222222223 0.23703703703703705 0.022222222222222223 0.022222222222222223 0.05185185185185185 0.02962962962962963 0.022222222222222223 0.022222222222222223 0.07407407407407407 0.022222222222222223 0.1259259259259259 0.044444444444444446 0.022222222222222223 0.014814814814814815 0.02962962962962963 0.014814814814814815 0.037037037037037035 0.022222222222222223 0.014814814814814815 0.022222222222222223 0.022222222222222223 0.037037037037037035 0.014814814814814815 0.022222222222222223 0.02962962962962963 
0.043010752688172046 0.021505376344086023 0.043010752688172046 0.021505376344086023 0.021505376344086023 0.06451612903225806 0.03225806451612903 0.021505376344086023 0.021505376344086023 0.043010752688172046 0.021505376344086023 0.03225806451612903 0.021505376344086023 0.021505376344086023 0.021505376344086023 0.021505376344086023 0.24731182795698925 0.021505376344086023 0.03225806451612903 0.021505376344086023 0.021505376344086023 0.03225806451612903 0.03225806451612903 0.0967741935483871 0.021505376344086023 
0.011235955056179775 0.033707865168539325 0.016853932584269662 0.03932584269662921 0.0449438202247191 0.0898876404494382 0.028089887640449437 0.02247191011235955 0.016853932584269662 0.02247191011235955 0.0449438202247191 0.028089887640449437 0.028089887640449437 0.06179775280898876 0.0898876404494382 0.011235955056179775 0.0449438202247191 0.011235955056179775 0.11797752808988764 0.033707865168539325 0.06179775280898876 0.056179775280898875 0.011235955056179775 0.0449438202247191 0.028089887640449437 
0.07941176470588235 0.11470588235294117 0.026470588235294117 0.014705882352941176 0.01764705882352941 0.05588235294117647 0.020588235294117647 0.04411764705882353 0.008823529411764706 0.06764705882352941 0.01764705882352941 0.008823529411764706 0.03235294117647059 0.020588235294117647 0.03235294117647059 0.0058823529411764705 0.020588235294117647 0.11470588235294117 0.08529411764705883 0.026470588235294117 0.020588235294117647 0.03529411764705882 0.047058823529411764 0.04411764705882353 0.03823529411764706 
0.05755395683453238 0.050359712230215826 0.014388489208633094 0.03597122302158273 0.050359712230215826 0.014388489208633094 0.050359712230215826 0.02877697841726619 0.02877697841726619 0.04316546762589928 0.014388489208633094 0.050359712230215826 0.1510791366906475 0.02158273381294964 0.03597122302158273 0.02158273381294964 0.02877697841726619 0.014388489208633094 0.15827338129496402 0.014388489208633094 0.02158273381294964 0.02158273381294964 0.02158273381294964 0.014388489208633094 0.03597122302158273 
0.013986013986013986 0.013986013986013986 0.013986013986013986 0.013986013986013986 0.013986013986013986 0.027972027972027972 0.5944055944055944 0.013986013986013986 0.02097902097902098 0.013986013986013986 0.02097902097902098 0.013986013986013986 0.013986013986013986 0.027972027972027972 0.013986013986013986 0.013986013986013986 0.02097902097902098 0.013986013986013986 0.013986013986013986 0.02097902097902098 0.02097902097902098 0.013986013986013986 0.013986013986013986 0.013986013986013986 0.02097902097902098 
0.047619047619047616 0.01904761904761905 0.01904761904761905 0.01904761904761905 0.01904761904761905 0.08571428571428572 0.01904761904761905 0.02857142857142857 0.02857142857142857 0.0380952380952381 0.21904761904761905 0.02857142857142857 0.0380952380952381 0.01904761904761905 0.01904761904761905 0.02857142857142857 0.0380952380952381 0.02857142857142857 0.0380952380952381 0.05714285714285714 0.02857142857142857 0.047619047619047616 0.01904761904761905 0.02857142857142857 0.0380952380952381 
0.011320754716981131 0.018867924528301886 0.007547169811320755 0.011320754716981131 0.018867924528301886 0.022641509433962263 0.0830188679245283 0.007547169811320755 0.06792452830188679 0.01509433962264151 0.007547169811320755 0.018867924528301886 0.011320754716981131 0.01509433962264151 0.011320754716981131 0.4075471698113208 0.1169811320754717 0.007547169811320755 0.033962264150943396 0.007547169811320755 0.011320754716981131 0.007547169811320755 0.026415094339622643 0.03018867924528302 0.022641509433962263 
0.26490066225165565 0.046357615894039736 0.013245033112582781 0.013245033112582781 0.013245033112582781 0.06622516556291391 0.013245033112582781 0.013245033112582781 0.039735099337748346 0.033112582781456956 0.013245033112582781 0.033112582781456956 0.033112582781456956 0.013245033112582781 0.039735099337748346 0.013245033112582781 0.013245033112582781 0.026490066225165563 0.08609271523178808 0.06622516556291391 0.019867549668874173 0.013245033112582781 0.019867549668874173 0.059602649006622516 0.033112582781456956 
0.002586206896551724 0.014655172413793103 0.0017241379310344827 0.0017241379310344827 0.005172413793103448 0.004310344827586207 0.006896551724137931 0.0017241379310344827 0.0034482758620689655 0.006896551724137931 0.002586206896551724 0.8646551724137931 0.004310344827586207 0.0017241379310344827 0.007758620689655172 0.002586206896551724 0.0034482758620689655 0.0017241379310344827 0.03189655172413793 0.01293103448275862 0.0017241379310344827 0.002586206896551724 0.0017241379310344827 0.0034482758620689655 0.007758620689655172 
0.018518518518518517 0.05555555555555555 0.018518518518518517 0.037037037037037035 0.09259259259259259 0.027777777777777776 0.1111111111111111 0.037037037037037035 0.027777777777777776 0.018518518518518517 0.018518518518518517 0.037037037037037035 0.037037037037037035 0.027777777777777776 0.07407407407407407 0.037037037037037035 0.018518518518518517 0.027777777777777776 0.037037037037037035 0.018518518518518517 0.12037037037037036 0.037037037037037035 0.027777777777777776 0.018518518518518517 0.018518518518518517 
0.27722772277227725 0.0297029702970297 0.019801980198019802 0.019801980198019802 0.019801980198019802 0.0297029702970297 0.019801980198019802 0.019801980198019802 0.04950495049504951 0.019801980198019802 0.019801980198019802 0.0297029702970297 0.019801980198019802 0.019801980198019802 0.019801980198019802 0.019801980198019802 0.039603960396039604 0.0297029702970297 0.12871287128712872 0.0297029702970297 0.0297029702970297 0.019801980198019802 0.019801980198019802 0.04950495049504951 0.019801980198019802 
0.0091324200913242 0.0091324200913242 0.0091324200913242 0.7351598173515982 0.0091324200913242 0.0091324200913242 0.0091324200913242 0.0091324200913242 0.0136986301369863 0.0091324200913242 0.0136986301369863 0.0091324200913242 0.0091324200913242 0.0091324200913242 0.0136986301369863 0.0273972602739726 0.0091324200913242 0.0091324200913242 0.0182648401826484 0.0091324200913242 0.0136986301369863 0.0091324200913242 0.0091324200913242 0.0091324200913242 0.0091324200913242 
0.03773584905660377 0.03773584905660377 0.02830188679245283 0.018867924528301886 0.018867924528301886 0.08490566037735849 0.04716981132075472 0.018867924528301886 0.02830188679245283 0.02830188679245283 0.018867924528301886 0.04716981132075472 0.018867924528301886 0.018867924528301886 0.03773584905660377 0.018867924528301886 0.19811320754716982 0.02830188679245283 0.03773584905660377 0.0660377358490566 0.02830188679245283 0.02830188679245283 0.04716981132075472 0.018867924528301886 0.03773584905660377 
0.02702702702702703 0.02702702702702703 0.02702702702702703 0.02702702702702703 0.02702702702702703 0.10810810810810811 0.02702702702702703 0.05405405405405406 0.05405405405405406 0.02702702702702703 0.05405405405405406 0.02702702702702703 0.04054054054054054 0.04054054054054054 0.05405405405405406 0.02702702702702703 0.04054054054054054 0.02702702702702703 0.06756756756756757 0.02702702702702703 0.04054054054054054 0.02702702702702703 0.02702702702702703 0.04054054054054054 0.05405405405405406 
0.010825439783491205 0.0027063599458728013 0.0027063599458728013 0.012178619756427604 0.009472259810554804 0.012178619756427604 0.005412719891745603 0.005412719891745603 0.0040595399188092015 0.0040595399188092015 0.010825439783491205 0.0040595399188092015 0.0027063599458728013 0.7672530446549392 0.005412719891745603 0.08660351826792964 0.0027063599458728013 0.006765899864682003 0.014884979702300407 0.0040595399188092015 0.0027063599458728013 0.008119079837618403 0.005412719891745603 0.006765899864682003 0.0027063599458728013 
0.008695652173913044 0.07391304347826087 0.013043478260869565 0.013043478260869565 0.008695652173913044 0.043478260869565216 0.008695652173913044 0.013043478260869565 0.021739130434782608 0.02608695652173913 0.013043478260869565 0.04782608695652174 0.013043478260869565 0.008695652173913044 0.34347826086956523 0.013043478260869565 0.013043478260869565 0.013043478260869565 0.12608695652173912 0.05652173913043478 0.013043478260869565 0.0391304347826087 0.008695652173913044 0.021739130434782608 0.0391304347826087 
0.11235955056179775 0.02247191011235955 0.02247191011235955 0.02247191011235955 0.056179775280898875 0.07865168539325842 0.033707865168539325 0.02247191011235955 0.0449438202247191 0.02247191011235955 0.07865168539325842 0.0449438202247191 0.06741573033707865 0.02247191011235955 0.02247191011235955 0.02247191011235955 0.033707865168539325 0.02247191011235955 0.056179775280898875 0.056179775280898875 0.02247191011235955 0.02247191011235955 0.0449438202247191 0.02247191011235955 0.02247191011235955 
0.01662049861495845 0.019390581717451522 0.00554016620498615 0.00554016620498615 0.0110803324099723 0.01662049861495845 0.01662049861495845 0.008310249307479225 0.00554016620498615 0.008310249307479225 0.008310249307479225 0.00554016620498615 0.0110803324099723 0.00554016620498615 0.013850415512465374 0.00554016620498615 0.030470914127423823 0.00554016620498615 0.013850415512465374 0.013850415512465374 0.008310249307479225 0.7285318559556787 0.00554016620498615 0.013850415512465374 0.01662049861495845 
0.011363636363636364 0.017045454545454544 0.011363636363636364 0.011363636363636364 0.011363636363636364 0.017045454545454544 0.011363636363636364 0.011363636363636364 0.011363636363636364 0.022727272727272728 0.011363636363636364 0.017045454545454544 0.011363636363636364 0.011363636363636364 0.011363636363636364 0.011363636363636364 0.011363636363636364 0.011363636363636364 0.011363636363636364 0.011363636363636364 0.011363636363636364 0.011363636363636364 0.011363636363636364 0.011363636363636364 0.6988636363636364 
0.1326530612244898 0.02040816326530612 0.04081632653061224 0.04081632653061224 0.02040816326530612 0.04081632653061224 0.02040816326530612 0.061224489795918366 0.04081632653061224 0.05102040816326531 0.02040816326530612 0.02040816326530612 0.05102040816326531 0.030612244897959183 0.030612244897959183 0.02040816326530612 0.08163265306122448 0.030612244897959183 0.07142857142857142 0.02040816326530612 0.02040816326530612 0.04081632653061224 0.02040816326530612 0.05102040816326531 0.02040816326530612 
0.08148148148148149 0.0962962962962963 0.022222222222222223 0.014814814814814815 0.02962962962962963 0.044444444444444446 0.044444444444444446 0.014814814814814815 0.022222222222222223 0.022222222222222223 0.02962962962962963 0.022222222222222223 0.044444444444444446 0.014814814814814815 0.044444444444444446 0.014814814814814815 0.037037037037037035 0.037037037037037035 0.13333333333333333 0.07407407407407407 0.02962962962962963 0.02962962962962963 0.014814814814814815 0.05185185185185185 0.02962962962962963 
0.2564102564102564 0.08333333333333333 0.01282051282051282 0.01282051282051282 0.01282051282051282 0.057692307692307696 0.01282051282051282 0.019230769230769232 0.019230769230769232 0.05128205128205128 0.01282051282051282 0.038461538461538464 0.02564102564102564 0.02564102564102564 0.019230769230769232 0.01282051282051282 0.019230769230769232 0.019230769230769232 0.03205128205128205 0.10256410256410256 0.019230769230769232 0.019230769230769232 0.038461538461538464 0.04487179487179487 0.03205128205128205 
0.05976095617529881 0.0398406374501992 0.01593625498007968 0.027888446215139442 0.01195219123505976 0.01593625498007968 0.08764940239043825 0.01195219123505976 0.01593625498007968 0.02390438247011952 0.01195219123505976 0.03187250996015936 0.01593625498007968 0.01593625498007968 0.02390438247011952 0.22709163346613545 0.01195219123505976 0.05976095617529881 0.10756972111553785 0.02390438247011952 0.027888446215139442 0.01195219123505976 0.043824701195219126 0.027888446215139442 0.04780876494023904 
0.045454545454545456 0.022727272727272728 0.022727272727272728 0.022727272727272728 0.022727272727272728 0.03409090909090909 0.056818181818181816 0.045454545454545456 0.03409090909090909 0.045454545454545456 0.056818181818181816 0.022727272727272728 0.022727272727272728 0.03409090909090909 0.056818181818181816 0.03409090909090909 0.03409090909090909 0.10227272727272728 0.022727272727272728 0.03409090909090909 0.03409090909090909 0.022727272727272728 0.045454545454545456 0.10227272727272728 0.022727272727272728 
0.05172413793103448 0.017241379310344827 0.02586206896551724 0.017241379310344827 0.017241379310344827 0.09482758620689655 0.017241379310344827 0.04310344827586207 0.05172413793103448 0.034482758620689655 0.02586206896551724 0.017241379310344827 0.02586206896551724 0.05172413793103448 0.02586206896551724 0.017241379310344827 0.05172413793103448 0.017241379310344827 0.19827586206896552 0.04310344827586207 0.034482758620689655 0.017241379310344827 0.04310344827586207 0.02586206896551724 0.034482758620689655 
0.013986013986013986 0.013986013986013986 0.013986013986013986 0.013986013986013986 0.013986013986013986 0.027972027972027972 0.5944055944055944 0.013986013986013986 0.013986013986013986 0.013986013986013986 0.02097902097902098 0.013986013986013986 0.013986013986013986 0.013986013986013986 0.013986013986013986 0.02097902097902098 0.027972027972027972 0.013986013986013986 0.027972027972027972 0.02097902097902098 0.013986013986013986 0.013986013986013986 0.013986013986013986 0.02097902097902098 0.013986013986013986 
0.039473684210526314 0.02631578947368421 0.02631578947368421 0.013157894736842105 0.019736842105263157 0.05263157894736842 0.11842105263157894 0.013157894736842105 0.019736842105263157 0.046052631578947366 0.03289473684210526 0.03289473684210526 0.02631578947368421 0.05263157894736842 0.02631578947368421 0.013157894736842105 0.125 0.03289473684210526 0.02631578947368421 0.07236842105263158 0.013157894736842105 0.019736842105263157 0.05921052631578947 0.07236842105263158 0.019736842105263157 
0.038834951456310676 0.05825242718446602 0.019417475728155338 0.06796116504854369 0.019417475728155338 0.07766990291262135 0.04854368932038835 0.019417475728155338 0.019417475728155338 0.02912621359223301 0.05825242718446602 0.038834951456310676 0.02912621359223301 0.04854368932038835 0.038834951456310676 0.02912621359223301 0.0970873786407767 0.038834951456310676 0.019417475728155338 0.019417475728155338 0.06796116504854369 0.019417475728155338 0.019417475728155338 0.04854368932038835 0.02912621359223301 
0.01834862385321101 0.01834862385321101 0.045871559633027525 0.01834862385321101 0.01834862385321101 0.01834862385321101 0.027522935779816515 0.03669724770642202 0.027522935779816515 0.03669724770642202 0.03669724770642202 0.01834862385321101 0.027522935779816515 0.01834862385321101 0.027522935779816515 0.01834862385321101 0.01834862385321101 0.027522935779816515 0.01834862385321101 0.01834862385321101 0.03669724770642202 0.045871559633027525 0.3669724770642202 0.03669724770642202 0.01834862385321101 
0.043010752688172046 0.021505376344086023 0.021505376344086023 0.021505376344086023 0.021505376344086023 0.12903225806451613 0.021505376344086023 0.021505376344086023 0.03225806451612903 0.053763440860215055 0.03225806451612903 0.03225806451612903 0.021505376344086023 0.06451612903225806 0.03225806451612903 0.021505376344086023 0.03225806451612903 0.021505376344086023 0.20430107526881722 0.03225806451612903 0.03225806451612903 0.021505376344086023 0.021505376344086023 0.021505376344086023 0.021505376344086023 
0.05714285714285714 0.047619047619047616 0.01904761904761905 0.11428571428571428 0.02857142857142857 0.02857142857142857 0.05714285714285714 0.01904761904761905 0.05714285714285714 0.05714285714285714 0.01904761904761905 0.047619047619047616 0.02857142857142857 0.01904761904761905 0.0380952380952381 0.05714285714285714 0.02857142857142857 0.01904761904761905 0.0761904761904762 0.01904761904761905 0.01904761904761905 0.02857142857142857 0.02857142857142857 0.047619047619047616 0.0380952380952381 
0.01875 0.0875 0.01875 0.0375 0.01875 0.13125 0.01875 0.025 0.0125 0.0375 0.04375 0.025 0.0125 0.0125 0.03125 0.01875 0.01875 0.05 0.0625 0.0875 0.0125 0.0625 0.025 0.09375 0.0375 
0.06936416184971098 0.09826589595375723 0.028901734104046242 0.011560693641618497 0.011560693641618497 0.057803468208092484 0.04046242774566474 0.046242774566473986 0.023121387283236993 0.03468208092485549 0.017341040462427744 0.04046242774566474 0.023121387283236993 0.011560693641618497 0.09826589595375723 0.011560693641618497 0.023121387283236993 0.05202312138728324 0.10404624277456648 0.028901734104046242 0.017341040462427744 0.011560693641618497 0.017341040462427744 0.06358381502890173 0.057803468208092484 
0.043478260869565216 0.043478260869565216 0.021739130434782608 0.021739130434782608 0.021739130434782608 0.07608695652173914 0.03260869565217391 0.021739130434782608 0.021739130434782608 0.021739130434782608 0.03260869565217391 0.021739130434782608 0.03260869565217391 0.021739130434782608 0.021739130434782608 0.021739130434782608 0.06521739130434782 0.043478260869565216 0.13043478260869565 0.05434782608695652 0.03260869565217391 0.021739130434782608 0.021739130434782608 0.03260869565217391 0.11956521739130435 
0.0273224043715847 0.07650273224043716 0.01639344262295082 0.01639344262295082 0.01639344262295082 0.09289617486338798 0.02185792349726776 0.1092896174863388 0.01639344262295082 0.09836065573770492 0.0273224043715847 0.04371584699453552 0.01639344262295082 0.0273224043715847 0.03278688524590164 0.01639344262295082 0.01092896174863388 0.01639344262295082 0.03825136612021858 0.09289617486338798 0.0273224043715847 0.04371584699453552 0.03278688524590164 0.03825136612021858 0.04371584699453552 
0.03361344537815126 0.025210084033613446 0.05042016806722689 0.025210084033613446 0.025210084033613446 0.03361344537815126 0.025210084033613446 0.03361344537815126 0.01680672268907563 0.025210084033613446 0.07563025210084033 0.07563025210084033 0.03361344537815126 0.05042016806722689 0.025210084033613446 0.01680672268907563 0.05042016806722689 0.05042016806722689 0.13445378151260504 0.03361344537815126 0.025210084033613446 0.01680672268907563 0.03361344537815126 0.058823529411764705 0.025210084033613446 
0.023809523809523808 0.03571428571428571 0.023809523809523808 0.023809523809523808 0.023809523809523808 0.38095238095238093 0.03571428571428571 0.023809523809523808 0.023809523809523808 0.023809523809523808 0.023809523809523808 0.023809523809523808 0.023809523809523808 0.023809523809523808 0.023809523809523808 0.023809523809523808 0.023809523809523808 0.023809523809523808 0.023809523809523808 0.03571428571428571 0.03571428571428571 0.023809523809523808 0.023809523809523808 0.023809523809523808 0.023809523809523808 
0.05555555555555555 0.03333333333333333 0.044444444444444446 0.022222222222222223 0.022222222222222223 0.022222222222222223 0.044444444444444446 0.022222222222222223 0.022222222222222223 0.05555555555555555 0.044444444444444446 0.022222222222222223 0.022222222222222223 0.06666666666666667 0.022222222222222223 0.03333333333333333 0.044444444444444446 0.022222222222222223 0.06666666666666667 0.05555555555555555 0.03333333333333333 0.05555555555555555 0.03333333333333333 0.07777777777777778 0.05555555555555555 
0.02702702702702703 0.06756756756756757 0.02702702702702703 0.02702702702702703 0.02702702702702703 0.0945945945945946 0.04054054054054054 0.02702702702702703 0.02702702702702703 0.08108108108108109 0.02702702702702703 0.02702702702702703 0.02702702702702703 0.04054054054054054 0.05405405405405406 0.02702702702702703 0.04054054054054054 0.05405405405405406 0.06756756756756757 0.02702702702702703 0.02702702702702703 0.02702702702702703 0.04054054054054054 0.02702702702702703 0.04054054054054054 
0.05102040816326531 0.07142857142857142 0.02040816326530612 0.030612244897959183 0.02040816326530612 0.061224489795918366 0.030612244897959183 0.07142857142857142 0.02040816326530612 0.05102040816326531 0.04081632653061224 0.02040816326530612 0.030612244897959183 0.030612244897959183 0.04081632653061224 0.030612244897959183 0.02040816326530612 0.07142857142857142 0.02040816326530612 0.061224489795918366 0.02040816326530612 0.030612244897959183 0.02040816326530612 0.10204081632653061 0.030612244897959183 
0.03571428571428571 0.05952380952380952 0.023809523809523808 0.023809523809523808 0.03571428571428571 0.03571428571428571 0.05952380952380952 0.023809523809523808 0.023809523809523808 0.023809523809523808 0.07142857142857142 0.05952380952380952 0.047619047619047616 0.047619047619047616 0.03571428571428571 0.023809523809523808 0.03571428571428571 0.047619047619047616 0.05952380952380952 0.03571428571428571 0.023809523809523808 0.03571428571428571 0.023809523809523808 0.047619047619047616 0.05952380952380952 
0.017699115044247787 0.06637168141592921 0.008849557522123894 0.01327433628318584 0.017699115044247787 0.061946902654867256 0.01327433628318584 0.017699115044247787 0.01327433628318584 0.022123893805309734 0.022123893805309734 0.030973451327433628 0.4247787610619469 0.008849557522123894 0.008849557522123894 0.008849557522123894 0.01327433628318584 0.017699115044247787 0.04424778761061947 0.035398230088495575 0.022123893805309734 0.02654867256637168 0.017699115044247787 0.030973451327433628 0.035398230088495575 
0.05660377358490566 0.16037735849056603 0.03773584905660377 0.02830188679245283 0.02830188679245283 0.07547169811320754 0.04716981132075472 0.03773584905660377 0.04716981132075472 0.018867924528301886 0.018867924528301886 0.018867924528301886 0.02830188679245283 0.02830188679245283 0.018867924528301886 0.018867924528301886 0.05660377358490566 0.03773584905660377 0.04716981132075472 0.018867924528301886 0.02830188679245283 0.04716981132075472 0.02830188679245283 0.018867924528301886 0.04716981132075472 
0.011363636363636364 0.011363636363636364 0.011363636363636364 0.011363636363636364 0.011363636363636364 0.011363636363636364 0.011363636363636364 0.011363636363636364 0.011363636363636364 0.017045454545454544 0.022727272727272728 0.011363636363636364 0.011363636363636364 0.011363636363636364 0.011363636363636364 0.011363636363636364 0.017045454545454544 0.011363636363636364 0.017045454545454544 0.011363636363636364 0.011363636363636364 0.011363636363636364 0.011363636363636364 0.011363636363636364 0.6988636363636364 
0.013986013986013986 0.027972027972027972 0.013986013986013986 0.027972027972027972 0.06293706293706294 0.027972027972027972 0.013986013986013986 0.06293706293706294 0.03496503496503497 0.02097902097902098 0.06293706293706294 0.04195804195804196 0.027972027972027972 0.02097902097902098 0.02097902097902098 0.02097902097902098 0.03496503496503497 0.013986013986013986 0.027972027972027972 0.04195804195804196 0.02097902097902098 0.03496503496503497 0.2937062937062937 0.013986013986013986 0.013986013986013986 
0.07352941176470588 0.029411764705882353 0.029411764705882353 0.04411764705882353 0.04411764705882353 0.029411764705882353 0.029411764705882353 0.029411764705882353 0.029411764705882353 0.08823529411764706 0.029411764705882353 0.04411764705882353 0.04411764705882353 0.029411764705882353 0.04411764705882353 0.029411764705882353 0.029411764705882353 0.029411764705882353 0.04411764705882353 0.04411764705882353 0.029411764705882353 0.04411764705882353 0.029411764705882353 0.058823529411764705 0.04411764705882353 
0.041666666666666664 0.016666666666666666 0.025 0.016666666666666666 0.016666666666666666 0.041666666666666664 0.1 0.058333333333333334 0.025 0.03333333333333333 0.025 0.03333333333333333 0.025 0.016666666666666666 0.03333333333333333 0.016666666666666666 0.125 0.016666666666666666 0.03333333333333333 0.03333333333333333 0.041666666666666664 0.016666666666666666 0.025 0.11666666666666667 0.06666666666666667 
0.33658536585365856 0.05853658536585366 0.00975609756097561 0.00975609756097561 0.03414634146341464 0.024390243902439025 0.014634146341463415 0.01951219512195122 0.03902439024390244 0.01951219512195122 0.03902439024390244 0.03414634146341464 0.01951219512195122 0.00975609756097561 0.00975609756097561 0.00975609756097561 0.01951219512195122 0.00975609756097561 0.13170731707317074 0.06829268292682927 0.014634146341463415 0.014634146341463415 0.00975609756097561 0.01951219512195122 0.024390243902439025 
0.025 0.06666666666666667 0.020833333333333332 0.008333333333333333 0.029166666666666667 0.0375 0.05416666666666667 0.0125 0.029166666666666667 0.0875 0.029166666666666667 0.13333333333333333 0.029166666666666667 0.029166666666666667 0.0625 0.008333333333333333 0.016666666666666666 0.016666666666666666 0.025 0.025 0.06666666666666667 0.041666666666666664 0.020833333333333332 0.09166666666666666 0.03333333333333333 
0.0375 0.0375 0.0375 0.025 0.025 0.1125 0.0375 0.025 0.05 0.0375 0.05 0.025 0.025 0.025 0.0625 0.025 0.075 0.025 0.0375 0.025 0.025 0.025 0.025 0.0875 0.0375 
