0.07727272727272727 0.02727272727272727 0.11818181818181818 0.01818181818181818 0.013636363636363636 0.02727272727272727 0.022727272727272728 0.09545454545454546 0.04090909090909091 0.2 0.031818181818181815 0.08636363636363636 0.031818181818181815 0.03636363636363636 0.03636363636363636 0.11363636363636363 0.022727272727272728 
0.02531645569620253 0.0379746835443038 0.02531645569620253 0.0759493670886076 0.02531645569620253 0.0759493670886076 0.05063291139240506 0.02531645569620253 0.05063291139240506 0.10126582278481013 0.05063291139240506 0.05063291139240506 0.06329113924050633 0.12658227848101267 0.08860759493670886 0.0759493670886076 0.05063291139240506 
0.02564102564102564 0.08974358974358974 0.0641025641025641 0.05128205128205128 0.038461538461538464 0.02564102564102564 0.02564102564102564 0.02564102564102564 0.02564102564102564 0.0641025641025641 0.02564102564102564 0.02564102564102564 0.28205128205128205 0.02564102564102564 0.038461538461538464 0.02564102564102564 0.14102564102564102 
0.030303030303030304 0.06060606060606061 0.030303030303030304 0.045454545454545456 0.15151515151515152 0.07575757575757576 0.030303030303030304 0.030303030303030304 0.030303030303030304 0.030303030303030304 0.12121212121212122 0.030303030303030304 0.045454545454545456 0.09090909090909091 0.030303030303030304 0.030303030303030304 0.13636363636363635 
0.012658227848101266 0.012658227848101266 0.0189873417721519 0.5886075949367089 0.04430379746835443 0.06962025316455696 0.03164556962025317 0.012658227848101266 0.0189873417721519 0.02531645569620253 0.03164556962025317 0.012658227848101266 0.02531645569620253 0.03164556962025317 0.02531645569620253 0.02531645569620253 0.012658227848101266 
0.060240963855421686 0.04819277108433735 0.07228915662650602 0.07228915662650602 0.13253012048192772 0.03614457831325301 0.024096385542168676 0.024096385542168676 0.07228915662650602 0.060240963855421686 0.04819277108433735 0.04819277108433735 0.03614457831325301 0.08433734939759036 0.07228915662650602 0.03614457831325301 0.07228915662650602 
0.06451612903225806 0.04838709677419355 0.04838709677419355 0.03225806451612903 0.03225806451612903 0.03225806451612903 0.04838709677419355 0.03225806451612903 0.0967741935483871 0.1774193548387097 0.04838709677419355 0.0967741935483871 0.03225806451612903 0.06451612903225806 0.04838709677419355 0.04838709677419355 0.04838709677419355 
0.037383177570093455 0.018691588785046728 0.028037383177570093 0.037383177570093455 0.018691588785046728 0.018691588785046728 0.028037383177570093 0.018691588785046728 0.037383177570093455 0.205607476635514 0.14953271028037382 0.1588785046728972 0.056074766355140186 0.028037383177570093 0.018691588785046728 0.018691588785046728 0.12149532710280374 
0.8722741433021807 0.012461059190031152 0.006230529595015576 0.006230529595015576 0.009345794392523364 0.009345794392523364 0.012461059190031152 0.009345794392523364 0.006230529595015576 0.006230529595015576 0.006230529595015576 0.009345794392523364 0.006230529595015576 0.006230529595015576 0.006230529595015576 0.006230529595015576 0.009345794392523364 
0.019230769230769232 0.038461538461538464 0.17307692307692307 0.028846153846153848 0.028846153846153848 0.038461538461538464 0.04807692307692308 0.019230769230769232 0.028846153846153848 0.0673076923076923 0.10576923076923077 0.08653846153846154 0.019230769230769232 0.04807692307692308 0.028846153846153848 0.019230769230769232 0.20192307692307693 
0.8078817733990148 0.009852216748768473 0.009852216748768473 0.014778325123152709 0.024630541871921183 0.009852216748768473 0.014778325123152709 0.014778325123152709 0.009852216748768473 0.009852216748768473 0.009852216748768473 0.009852216748768473 0.009852216748768473 0.009852216748768473 0.009852216748768473 0.009852216748768473 0.014778325123152709 
0.05172413793103448 0.08620689655172414 0.06896551724137931 0.05172413793103448 0.034482758620689655 0.1206896551724138 0.05172413793103448 0.034482758620689655 0.08620689655172414 0.034482758620689655 0.06896551724137931 0.034482758620689655 0.05172413793103448 0.034482758620689655 0.034482758620689655 0.05172413793103448 0.10344827586206896 
0.02564102564102564 0.02564102564102564 0.05128205128205128 0.038461538461538464 0.2564102564102564 0.0641025641025641 0.05128205128205128 0.02564102564102564 0.02564102564102564 0.05128205128205128 0.0641025641025641 0.038461538461538464 0.038461538461538464 0.02564102564102564 0.11538461538461539 0.02564102564102564 0.07692307692307693 
0.02127659574468085 0.02127659574468085 0.031914893617021274 0.0425531914893617 0.35106382978723405 0.06382978723404255 0.02127659574468085 0.031914893617021274 0.031914893617021274 0.05319148936170213 0.0425531914893617 0.02127659574468085 0.02127659574468085 0.0851063829787234 0.07446808510638298 0.02127659574468085 0.06382978723404255 
0.0273972602739726 0.0273972602739726 0.0547945205479452 0.0273972602739726 0.3698630136986301 0.0273972602739726 0.0273972602739726 0.0273972602739726 0.0410958904109589 0.0410958904109589 0.0273972602739726 0.0273972602739726 0.0273972602739726 0.0547945205479452 0.0410958904109589 0.0410958904109589 0.1095890410958904 
0.03333333333333333 0.05 0.03333333333333333 0.06666666666666667 0.05 0.03333333333333333 0.03333333333333333 0.03333333333333333 0.03333333333333333 0.08333333333333333 0.05 0.1 0.03333333333333333 0.18333333333333332 0.05 0.06666666666666667 0.06666666666666667 
0.019417475728155338 0.009708737864077669 0.014563106796116505 0.03398058252427184 0.10679611650485436 0.019417475728155338 0.014563106796116505 0.009708737864077669 0.03398058252427184 0.043689320388349516 0.019417475728155338 0.5970873786407767 0.014563106796116505 0.02912621359223301 0.014563106796116505 0.009708737864077669 0.009708737864077669 
0.0425531914893617 0.06382978723404255 0.0425531914893617 0.10638297872340426 0.0851063829787234 0.06382978723404255 0.0425531914893617 0.0425531914893617 0.06382978723404255 0.06382978723404255 0.06382978723404255 0.06382978723404255 0.0425531914893617 0.0425531914893617 0.0425531914893617 0.06382978723404255 0.06382978723404255 
0.022988505747126436 0.034482758620689655 0.11494252873563218 0.04597701149425287 0.16091954022988506 0.022988505747126436 0.022988505747126436 0.05747126436781609 0.022988505747126436 0.10344827586206896 0.04597701149425287 0.034482758620689655 0.05747126436781609 0.034482758620689655 0.022988505747126436 0.04597701149425287 0.14942528735632185 
0.006309148264984227 0.022082018927444796 0.00946372239747634 0.006309148264984227 0.00946372239747634 0.006309148264984227 0.00946372239747634 0.006309148264984227 0.00946372239747634 0.00946372239747634 0.00946372239747634 0.012618296529968454 0.006309148264984227 0.8422712933753943 0.006309148264984227 0.006309148264984227 0.022082018927444796 
0.01192504258943782 0.030664395229982964 0.020442930153321975 0.02385008517887564 0.0068143100511073255 0.017035775127768313 0.015332197614991482 0.07836456558773425 0.005110732538330494 0.05281090289608177 0.013628620102214651 0.013628620102214651 0.028960817717206135 0.028960817717206135 0.0034071550255536627 0.6320272572402045 0.017035775127768313 
0.02158273381294964 0.014388489208633094 0.05755395683453238 0.02158273381294964 0.02877697841726619 0.014388489208633094 0.02158273381294964 0.02158273381294964 0.02877697841726619 0.02158273381294964 0.08633093525179857 0.03597122302158273 0.02158273381294964 0.02158273381294964 0.014388489208633094 0.5467625899280576 0.02158273381294964 
0.02531645569620253 0.02531645569620253 0.20253164556962025 0.05063291139240506 0.10126582278481013 0.0379746835443038 0.0379746835443038 0.06329113924050633 0.0379746835443038 0.02531645569620253 0.02531645569620253 0.0759493670886076 0.02531645569620253 0.0379746835443038 0.06329113924050633 0.02531645569620253 0.13924050632911392 
0.02830188679245283 0.018867924528301886 0.018867924528301886 0.018867924528301886 0.07547169811320754 0.02830188679245283 0.018867924528301886 0.018867924528301886 0.018867924528301886 0.03773584905660377 0.018867924528301886 0.5566037735849056 0.02830188679245283 0.03773584905660377 0.03773584905660377 0.018867924528301886 0.018867924528301886 
0.022727272727272728 0.6534090909090909 0.017045454545454544 0.011363636363636364 0.017045454545454544 0.017045454545454544 0.017045454545454544 0.011363636363636364 0.017045454545454544 0.03977272727272727 0.045454545454545456 0.017045454545454544 0.017045454545454544 0.011363636363636364 0.017045454545454544 0.017045454545454544 0.05113636363636364 
0.017857142857142856 0.08928571428571429 0.48214285714285715 0.017857142857142856 0.08035714285714286 0.044642857142857144 0.017857142857142856 0.017857142857142856 0.026785714285714284 0.017857142857142856 0.03571428571428571 0.017857142857142856 0.017857142857142856 0.03571428571428571 0.026785714285714284 0.026785714285714284 0.026785714285714284 
0.04477611940298507 0.1044776119402985 0.04477611940298507 0.04477611940298507 0.029850746268656716 0.07462686567164178 0.029850746268656716 0.029850746268656716 0.07462686567164178 0.05970149253731343 0.029850746268656716 0.16417910447761194 0.04477611940298507 0.05970149253731343 0.029850746268656716 0.07462686567164178 0.05970149253731343 
0.05042016806722689 0.03361344537815126 0.03361344537815126 0.10084033613445378 0.06722689075630252 0.058823529411764705 0.05042016806722689 0.01680672268907563 0.05042016806722689 0.14285714285714285 0.08403361344537816 0.058823529411764705 0.01680672268907563 0.03361344537815126 0.15126050420168066 0.025210084033613446 0.025210084033613446 
0.03896103896103896 0.03896103896103896 0.2597402597402597 0.03896103896103896 0.025974025974025976 0.03896103896103896 0.025974025974025976 0.025974025974025976 0.025974025974025976 0.03896103896103896 0.03896103896103896 0.14285714285714285 0.025974025974025976 0.025974025974025976 0.09090909090909091 0.025974025974025976 0.09090909090909091 
0.043209876543209874 0.012345679012345678 0.07407407407407407 0.1419753086419753 0.1728395061728395 0.024691358024691357 0.018518518518518517 0.018518518518518517 0.024691358024691357 0.08024691358024691 0.030864197530864196 0.06790123456790123 0.037037037037037035 0.08024691358024691 0.05555555555555555 0.037037037037037035 0.08024691358024691 
0.009259259259259259 0.033950617283950615 0.021604938271604937 0.024691358024691357 0.04938271604938271 0.018518518518518517 0.021604938271604937 0.012345679012345678 0.024691358024691357 0.09876543209876543 0.040123456790123455 0.3055555555555556 0.006172839506172839 0.10802469135802469 0.06172839506172839 0.033950617283950615 0.12962962962962962 
0.024390243902439025 0.024390243902439025 0.04065040650406504 0.032520325203252036 0.3333333333333333 0.06504065040650407 0.016260162601626018 0.016260162601626018 0.04878048780487805 0.056910569105691054 0.024390243902439025 0.056910569105691054 0.08943089430894309 0.056910569105691054 0.04878048780487805 0.04878048780487805 0.016260162601626018 
0.015748031496062992 0.015748031496062992 0.015748031496062992 0.023622047244094488 0.015748031496062992 0.015748031496062992 0.015748031496062992 0.015748031496062992 0.023622047244094488 0.015748031496062992 0.7244094488188977 0.015748031496062992 0.015748031496062992 0.015748031496062992 0.023622047244094488 0.015748031496062992 0.015748031496062992 
0.02247191011235955 0.056179775280898875 0.0449438202247191 0.33707865168539325 0.02247191011235955 0.056179775280898875 0.02247191011235955 0.033707865168539325 0.02247191011235955 0.02247191011235955 0.10112359550561797 0.02247191011235955 0.033707865168539325 0.0449438202247191 0.033707865168539325 0.033707865168539325 0.0898876404494382 
0.03614457831325301 0.008032128514056224 0.12449799196787148 0.020080321285140562 0.01606425702811245 0.01606425702811245 0.0963855421686747 0.46184738955823296 0.024096385542168676 0.01606425702811245 0.0642570281124498 0.01606425702811245 0.020080321285140562 0.040160642570281124 0.008032128514056224 0.01606425702811245 0.01606425702811245 
0.044444444444444446 0.044444444444444446 0.06666666666666667 0.037037037037037035 0.1111111111111111 0.02962962962962963 0.022222222222222223 0.022222222222222223 0.014814814814814815 0.02962962962962963 0.044444444444444446 0.08148148148148149 0.037037037037037035 0.037037037037037035 0.022222222222222223 0.014814814814814815 0.34074074074074073 
0.0034965034965034965 0.006993006993006993 0.004370629370629371 0.006993006993006993 0.027097902097902096 0.9038461538461539 0.004370629370629371 0.0026223776223776225 0.0026223776223776225 0.0017482517482517483 0.008741258741258742 0.0026223776223776225 0.005244755244755245 0.0034965034965034965 0.008741258741258742 0.0034965034965034965 0.0034965034965034965 
0.021739130434782608 0.021739130434782608 0.07608695652173914 0.08695652173913043 0.043478260869565216 0.03260869565217391 0.021739130434782608 0.15217391304347827 0.03260869565217391 0.043478260869565216 0.11956521739130435 0.05434782608695652 0.06521739130434782 0.021739130434782608 0.13043478260869565 0.05434782608695652 0.021739130434782608 
0.023529411764705882 0.023529411764705882 0.023529411764705882 0.023529411764705882 0.4 0.08235294117647059 0.07058823529411765 0.03529411764705882 0.023529411764705882 0.023529411764705882 0.047058823529411764 0.047058823529411764 0.023529411764705882 0.047058823529411764 0.023529411764705882 0.047058823529411764 0.03529411764705882 
0.8078817733990148 0.009852216748768473 0.009852216748768473 0.014778325123152709 0.014778325123152709 0.009852216748768473 0.009852216748768473 0.024630541871921183 0.009852216748768473 0.009852216748768473 0.009852216748768473 0.009852216748768473 0.014778325123152709 0.009852216748768473 0.014778325123152709 0.009852216748768473 0.009852216748768473 
0.044444444444444446 0.022222222222222223 0.17777777777777778 0.05555555555555555 0.044444444444444446 0.05555555555555555 0.03333333333333333 0.022222222222222223 0.044444444444444446 0.05555555555555555 0.06666666666666667 0.05555555555555555 0.044444444444444446 0.06666666666666667 0.07777777777777778 0.05555555555555555 0.07777777777777778 
0.034482758620689655 0.05172413793103448 0.05172413793103448 0.05172413793103448 0.06896551724137931 0.06896551724137931 0.05172413793103448 0.05172413793103448 0.05172413793103448 0.034482758620689655 0.05172413793103448 0.08620689655172414 0.05172413793103448 0.034482758620689655 0.06896551724137931 0.034482758620689655 0.15517241379310345 
0.005532503457814661 0.0027662517289073307 0.009681881051175657 0.009681881051175657 0.004149377593360996 0.006915629322268326 0.011065006915629323 0.027662517289073305 0.8589211618257261 0.005532503457814661 0.0027662517289073307 0.006915629322268326 0.006915629322268326 0.011065006915629323 0.011065006915629323 0.009681881051175657 0.009681881051175657 
0.014018691588785047 0.037383177570093455 0.03271028037383177 0.03271028037383177 0.17757009345794392 0.037383177570093455 0.009345794392523364 0.009345794392523364 0.02336448598130841 0.014018691588785047 0.018691588785046728 0.028037383177570093 0.037383177570093455 0.014018691588785047 0.45794392523364486 0.009345794392523364 0.04672897196261682 
0.0410958904109589 0.0410958904109589 0.0410958904109589 0.0410958904109589 0.1506849315068493 0.0821917808219178 0.0410958904109589 0.0273972602739726 0.0273972602739726 0.0821917808219178 0.136986301369863 0.0547945205479452 0.0273972602739726 0.0410958904109589 0.0547945205479452 0.0684931506849315 0.0410958904109589 
0.005797101449275362 0.03188405797101449 0.8 0.014492753623188406 0.014492753623188406 0.008695652173913044 0.008695652173913044 0.011594202898550725 0.008695652173913044 0.011594202898550725 0.011594202898550725 0.005797101449275362 0.008695652173913044 0.02608695652173913 0.014492753623188406 0.008695652173913044 0.008695652173913044 
0.0125 0.7875 0.0125 0.0125 0.0125 0.0125 0.0125 0.0125 0.0125 0.0125 0.0125 0.0125 0.0125 0.01875 0.0125 0.0125 0.01875 
0.024390243902439025 0.024390243902439025 0.0975609756097561 0.04878048780487805 0.07317073170731707 0.04878048780487805 0.024390243902439025 0.036585365853658534 0.036585365853658534 0.036585365853658534 0.024390243902439025 0.04878048780487805 0.024390243902439025 0.024390243902439025 0.024390243902439025 0.036585365853658534 0.36585365853658536 
0.01680672268907563 0.025210084033613446 0.05042016806722689 0.09243697478991597 0.15126050420168066 0.06722689075630252 0.05042016806722689 0.01680672268907563 0.01680672268907563 0.06722689075630252 0.058823529411764705 0.06722689075630252 0.10084033613445378 0.058823529411764705 0.058823529411764705 0.025210084033613446 0.07563025210084033 
0.014285714285714285 0.05 0.04285714285714286 0.02142857142857143 0.02857142857142857 0.07142857142857142 0.014285714285714285 0.014285714285714285 0.014285714285714285 0.02857142857142857 0.05 0.08571428571428572 0.014285714285714285 0.08571428571428572 0.04285714285714286 0.02142857142857143 0.4 
0.01702127659574468 0.0425531914893617 0.029787234042553193 0.02127659574468085 0.0851063829787234 0.01702127659574468 0.0425531914893617 0.26382978723404255 0.04680851063829787 0.01702127659574468 0.0851063829787234 0.13617021276595745 0.02127659574468085 0.02553191489361702 0.05531914893617021 0.04680851063829787 0.04680851063829787 
0.027777777777777776 0.05555555555555555 0.027777777777777776 0.027777777777777776 0.041666666666666664 0.041666666666666664 0.05555555555555555 0.041666666666666664 0.06944444444444445 0.041666666666666664 0.1111111111111111 0.2638888888888889 0.027777777777777776 0.05555555555555555 0.041666666666666664 0.027777777777777776 0.041666666666666664 
0.03 0.08 0.05 0.21 0.09 0.03 0.03 0.04 0.03 0.04 0.05 0.06 0.03 0.03 0.06 0.03 0.11 
0.015748031496062992 0.015748031496062992 0.015748031496062992 0.015748031496062992 0.015748031496062992 0.015748031496062992 0.015748031496062992 0.015748031496062992 0.015748031496062992 0.015748031496062992 0.7480314960629921 0.015748031496062992 0.015748031496062992 0.015748031496062992 0.015748031496062992 0.015748031496062992 0.015748031496062992 
0.04411764705882353 0.051470588235294115 0.07352941176470588 0.04411764705882353 0.029411764705882353 0.029411764705882353 0.029411764705882353 0.022058823529411766 0.10294117647058823 0.022058823529411766 0.08823529411764706 0.23529411764705882 0.058823529411764705 0.014705882352941176 0.04411764705882353 0.022058823529411766 0.08823529411764706 
0.04597701149425287 0.022988505747126436 0.022988505747126436 0.022988505747126436 0.08045977011494253 0.034482758620689655 0.034482758620689655 0.022988505747126436 0.022988505747126436 0.04597701149425287 0.08045977011494253 0.08045977011494253 0.05747126436781609 0.06896551724137931 0.14942528735632185 0.05747126436781609 0.14942528735632185 
0.03225806451612903 0.053763440860215055 0.021505376344086023 0.5698924731182796 0.021505376344086023 0.021505376344086023 0.021505376344086023 0.03225806451612903 0.03225806451612903 0.021505376344086023 0.021505376344086023 0.03225806451612903 0.021505376344086023 0.021505376344086023 0.03225806451612903 0.021505376344086023 0.021505376344086023 
0.025974025974025976 0.025974025974025976 0.025974025974025976 0.05194805194805195 0.2597402597402597 0.03896103896103896 0.06493506493506493 0.025974025974025976 0.025974025974025976 0.03896103896103896 0.025974025974025976 0.03896103896103896 0.03896103896103896 0.025974025974025976 0.09090909090909091 0.03896103896103896 0.15584415584415584 
0.02247191011235955 0.033707865168539325 0.06741573033707865 0.07865168539325842 0.07865168539325842 0.0449438202247191 0.06741573033707865 0.07865168539325842 0.07865168539325842 0.056179775280898875 0.056179775280898875 0.0449438202247191 0.056179775280898875 0.056179775280898875 0.0898876404494382 0.033707865168539325 0.056179775280898875 
0.027777777777777776 0.041666666666666664 0.020833333333333332 0.09722222222222222 0.027777777777777776 0.027777777777777776 0.034722222222222224 0.013888888888888888 0.027777777777777776 0.24305555555555555 0.11805555555555555 0.0625 0.020833333333333332 0.020833333333333332 0.1527777777777778 0.013888888888888888 0.04861111111111111 
0.01910828025477707 0.08280254777070063 0.06369426751592357 0.06369426751592357 0.07006369426751592 0.044585987261146494 0.025477707006369428 0.03184713375796178 0.012738853503184714 0.05732484076433121 0.03821656050955414 0.3057324840764331 0.012738853503184714 0.05732484076433121 0.012738853503184714 0.025477707006369428 0.07643312101910828 
0.05263157894736842 0.11842105263157894 0.06578947368421052 0.039473684210526314 0.13157894736842105 0.02631578947368421 0.02631578947368421 0.02631578947368421 0.02631578947368421 0.02631578947368421 0.02631578947368421 0.07894736842105263 0.07894736842105263 0.05263157894736842 0.06578947368421052 0.05263157894736842 0.10526315789473684 
0.023952095808383235 0.0658682634730539 0.023952095808383235 0.11377245508982035 0.023952095808383235 0.023952095808383235 0.03592814371257485 0.011976047904191617 0.017964071856287425 0.15568862275449102 0.029940119760479042 0.08982035928143713 0.04790419161676647 0.12574850299401197 0.08982035928143713 0.017964071856287425 0.10179640718562874 
0.019417475728155338 0.06796116504854369 0.07766990291262135 0.06796116504854369 0.11650485436893204 0.07766990291262135 0.05825242718446602 0.019417475728155338 0.02912621359223301 0.07766990291262135 0.019417475728155338 0.06796116504854369 0.04854368932038835 0.04854368932038835 0.0970873786407767 0.019417475728155338 0.08737864077669903 
0.029411764705882353 0.029411764705882353 0.029411764705882353 0.04411764705882353 0.029411764705882353 0.029411764705882353 0.029411764705882353 0.04411764705882353 0.029411764705882353 0.029411764705882353 0.029411764705882353 0.029411764705882353 0.04411764705882353 0.04411764705882353 0.029411764705882353 0.029411764705882353 0.47058823529411764 
0.05405405405405406 0.13513513513513514 0.04054054054054054 0.06756756756756757 0.08108108108108109 0.05405405405405406 0.04054054054054054 0.02702702702702703 0.08108108108108109 0.10810810810810811 0.02702702702702703 0.04054054054054054 0.05405405405405406 0.05405405405405406 0.05405405405405406 0.02702702702702703 0.05405405405405406 
0.034482758620689655 0.05172413793103448 0.05172413793103448 0.1206896551724138 0.034482758620689655 0.08620689655172414 0.034482758620689655 0.05172413793103448 0.08620689655172414 0.05172413793103448 0.05172413793103448 0.034482758620689655 0.05172413793103448 0.06896551724137931 0.05172413793103448 0.06896551724137931 0.06896551724137931 
0.036585365853658534 0.04878048780487805 0.024390243902439025 0.024390243902439025 0.06097560975609756 0.024390243902439025 0.06097560975609756 0.036585365853658534 0.036585365853658534 0.04878048780487805 0.036585365853658534 0.25609756097560976 0.06097560975609756 0.04878048780487805 0.04878048780487805 0.024390243902439025 0.12195121951219512 
0.04411764705882353 0.04411764705882353 0.07352941176470588 0.04411764705882353 0.029411764705882353 0.04411764705882353 0.029411764705882353 0.04411764705882353 0.029411764705882353 0.07352941176470588 0.07352941176470588 0.19117647058823528 0.058823529411764705 0.029411764705882353 0.07352941176470588 0.029411764705882353 0.08823529411764706 
0.0380952380952381 0.04285714285714286 0.023809523809523808 0.02857142857142857 0.44761904761904764 0.10952380952380952 0.014285714285714285 0.009523809523809525 0.009523809523809525 0.0761904761904762 0.05238095238095238 0.009523809523809525 0.014285714285714285 0.0380952380952381 0.02857142857142857 0.02857142857142857 0.02857142857142857 
0.022222222222222223 0.03333333333333333 0.05555555555555555 0.044444444444444446 0.17777777777777778 0.044444444444444446 0.022222222222222223 0.022222222222222223 0.022222222222222223 0.06666666666666667 0.1 0.13333333333333333 0.05555555555555555 0.05555555555555555 0.05555555555555555 0.044444444444444446 0.044444444444444446 
0.0125 0.7875 0.0125 0.0125 0.0125 0.0125 0.01875 0.0125 0.0125 0.01875 0.0125 0.0125 0.0125 0.0125 0.0125 0.0125 0.0125 
0.015748031496062992 0.023622047244094488 0.031496062992125984 0.4881889763779528 0.023622047244094488 0.07086614173228346 0.015748031496062992 0.03937007874015748 0.023622047244094488 0.031496062992125984 0.015748031496062992 0.023622047244094488 0.047244094488188976 0.03937007874015748 0.06299212598425197 0.031496062992125984 0.015748031496062992 
0.038461538461538464 0.09615384615384616 0.038461538461538464 0.1346153846153846 0.09615384615384616 0.07692307692307693 0.038461538461538464 0.057692307692307696 0.057692307692307696 0.038461538461538464 0.057692307692307696 0.057692307692307696 0.038461538461538464 0.038461538461538464 0.057692307692307696 0.038461538461538464 0.038461538461538464 
0.038461538461538464 0.028846153846153848 0.04807692307692308 0.038461538461538464 0.019230769230769232 0.057692307692307696 0.057692307692307696 0.028846153846153848 0.019230769230769232 0.028846153846153848 0.19230769230769232 0.25 0.0673076923076923 0.038461538461538464 0.028846153846153848 0.019230769230769232 0.038461538461538464 
0.010582010582010581 0.015873015873015872 0.031746031746031744 0.031746031746031744 0.21164021164021163 0.031746031746031744 0.015873015873015872 0.021164021164021163 0.015873015873015872 0.031746031746031744 0.015873015873015872 0.4656084656084656 0.021164021164021163 0.031746031746031744 0.010582010582010581 0.010582010582010581 0.026455026455026454 
0.013392857142857142 0.017857142857142856 0.07589285714285714 0.09821428571428571 0.03571428571428571 0.07589285714285714 0.06696428571428571 0.013392857142857142 0.022321428571428572 0.22321428571428573 0.017857142857142856 0.08928571428571429 0.017857142857142856 0.10267857142857142 0.08035714285714286 0.008928571428571428 0.04017857142857143 
0.03125 0.0625 0.0625 0.046875 0.046875 0.03125 0.03125 0.03125 0.03125 0.125 0.03125 0.21875 0.03125 0.03125 0.046875 0.03125 0.109375 
0.029850746268656716 0.07462686567164178 0.05970149253731343 0.029850746268656716 0.05970149253731343 0.05970149253731343 0.05970149253731343 0.029850746268656716 0.029850746268656716 0.05970149253731343 0.1044776119402985 0.04477611940298507 0.029850746268656716 0.04477611940298507 0.1044776119402985 0.04477611940298507 0.13432835820895522 
0.034482758620689655 0.017241379310344827 0.5862068965517241 0.02586206896551724 0.017241379310344827 0.034482758620689655 0.017241379310344827 0.02586206896551724 0.02586206896551724 0.02586206896551724 0.017241379310344827 0.017241379310344827 0.017241379310344827 0.02586206896551724 0.017241379310344827 0.017241379310344827 0.07758620689655173 
0.0273972602739726 0.0273972602739726 0.0273972602739726 0.1780821917808219 0.136986301369863 0.1095890410958904 0.0410958904109589 0.0273972602739726 0.0410958904109589 0.0410958904109589 0.0410958904109589 0.0410958904109589 0.0273972602739726 0.0273972602739726 0.1095890410958904 0.0410958904109589 0.0547945205479452 
0.029411764705882353 0.07352941176470588 0.04411764705882353 0.058823529411764705 0.029411764705882353 0.029411764705882353 0.029411764705882353 0.04411764705882353 0.058823529411764705 0.08823529411764706 0.029411764705882353 0.22058823529411764 0.07352941176470588 0.04411764705882353 0.07352941176470588 0.029411764705882353 0.04411764705882353 
0.02564102564102564 0.05128205128205128 0.05128205128205128 0.05982905982905983 0.18803418803418803 0.05982905982905983 0.03418803418803419 0.017094017094017096 0.02564102564102564 0.06837606837606838 0.02564102564102564 0.09401709401709402 0.09401709401709402 0.06837606837606838 0.03418803418803419 0.03418803418803419 0.06837606837606838 
0.045454545454545456 0.21212121212121213 0.06060606060606061 0.030303030303030304 0.030303030303030304 0.045454545454545456 0.045454545454545456 0.030303030303030304 0.07575757575757576 0.045454545454545456 0.045454545454545456 0.07575757575757576 0.030303030303030304 0.045454545454545456 0.06060606060606061 0.06060606060606061 0.06060606060606061 
0.031746031746031744 0.031746031746031744 0.031746031746031744 0.047619047619047616 0.09523809523809523 0.031746031746031744 0.07936507936507936 0.031746031746031744 0.06349206349206349 0.047619047619047616 0.09523809523809523 0.14285714285714285 0.031746031746031744 0.06349206349206349 0.1111111111111111 0.031746031746031744 0.031746031746031744 
0.030927835051546393 0.030927835051546393 0.041237113402061855 0.020618556701030927 0.041237113402061855 0.020618556701030927 0.030927835051546393 0.05154639175257732 0.020618556701030927 0.020618556701030927 0.020618556701030927 0.020618556701030927 0.5051546391752577 0.020618556701030927 0.05154639175257732 0.05154639175257732 0.020618556701030927 
0.05555555555555555 0.041666666666666664 0.06944444444444445 0.027777777777777776 0.19444444444444445 0.05555555555555555 0.05555555555555555 0.027777777777777776 0.06944444444444445 0.041666666666666664 0.041666666666666664 0.06944444444444445 0.027777777777777776 0.06944444444444445 0.05555555555555555 0.027777777777777776 0.06944444444444445 
0.04 0.02666666666666667 0.04 0.09333333333333334 0.21333333333333335 0.05333333333333334 0.12 0.02666666666666667 0.05333333333333334 0.02666666666666667 0.04 0.02666666666666667 0.02666666666666667 0.06666666666666667 0.05333333333333334 0.02666666666666667 0.06666666666666667 
0.004559270516717325 0.0243161094224924 0.02127659574468085 0.0425531914893617 0.0668693009118541 0.05927051671732523 0.05015197568389058 0.43617021276595747 0.013677811550151976 0.025835866261398176 0.02735562310030395 0.0486322188449848 0.09270516717325228 0.0060790273556231 0.041033434650455926 0.013677811550151976 0.025835866261398176 
0.026785714285714284 0.013392857142857142 0.022321428571428572 0.017857142857142856 0.008928571428571428 0.013392857142857142 0.026785714285714284 0.5 0.022321428571428572 0.013392857142857142 0.013392857142857142 0.20089285714285715 0.013392857142857142 0.022321428571428572 0.05803571428571429 0.013392857142857142 0.013392857142857142 
0.11666666666666667 0.058333333333333334 0.05 0.06666666666666667 0.11666666666666667 0.058333333333333334 0.016666666666666666 0.025 0.016666666666666666 0.041666666666666664 0.03333333333333333 0.125 0.03333333333333333 0.03333333333333333 0.1 0.041666666666666664 0.06666666666666667 
0.028169014084507043 0.056338028169014086 0.14084507042253522 0.04225352112676056 0.08450704225352113 0.056338028169014086 0.056338028169014086 0.04225352112676056 0.04225352112676056 0.028169014084507043 0.04225352112676056 0.028169014084507043 0.07042253521126761 0.056338028169014086 0.056338028169014086 0.04225352112676056 0.1267605633802817 
0.02027027027027027 0.07432432432432433 0.060810810810810814 0.013513513513513514 0.22972972972972974 0.06756756756756757 0.02027027027027027 0.033783783783783786 0.02027027027027027 0.04054054054054054 0.05405405405405406 0.0945945945945946 0.013513513513513514 0.05405405405405406 0.04054054054054054 0.02702702702702703 0.13513513513513514 
0.05333333333333334 0.05333333333333334 0.05333333333333334 0.02666666666666667 0.05333333333333334 0.08 0.02666666666666667 0.04 0.06666666666666667 0.04 0.06666666666666667 0.08 0.06666666666666667 0.04 0.06666666666666667 0.04 0.14666666666666667 
0.0125 0.75625 0.025 0.0125 0.025 0.0125 0.0125 0.0125 0.0125 0.01875 0.0125 0.0125 0.0125 0.01875 0.0125 0.0125 0.01875 
0.03225806451612903 0.03225806451612903 0.021505376344086023 0.07526881720430108 0.44086021505376344 0.043010752688172046 0.043010752688172046 0.021505376344086023 0.043010752688172046 0.043010752688172046 0.053763440860215055 0.03225806451612903 0.021505376344086023 0.021505376344086023 0.03225806451612903 0.021505376344086023 0.021505376344086023 
0.06451612903225806 0.06451612903225806 0.03225806451612903 0.03225806451612903 0.03225806451612903 0.08064516129032258 0.06451612903225806 0.03225806451612903 0.04838709677419355 0.1774193548387097 0.03225806451612903 0.04838709677419355 0.03225806451612903 0.08064516129032258 0.0967741935483871 0.04838709677419355 0.03225806451612903 
0.034482758620689655 0.05172413793103448 0.05172413793103448 0.06896551724137931 0.08620689655172414 0.06896551724137931 0.05172413793103448 0.034482758620689655 0.034482758620689655 0.05172413793103448 0.05172413793103448 0.06896551724137931 0.034482758620689655 0.05172413793103448 0.13793103448275862 0.034482758620689655 0.08620689655172414 
0.012738853503184714 0.025477707006369428 0.012738853503184714 0.6114649681528662 0.07643312101910828 0.012738853503184714 0.01910828025477707 0.012738853503184714 0.03184713375796178 0.012738853503184714 0.012738853503184714 0.012738853503184714 0.012738853503184714 0.012738853503184714 0.012738853503184714 0.012738853503184714 0.09554140127388536 
0.06666666666666667 0.08 0.12 0.02666666666666667 0.05333333333333334 0.04 0.05333333333333334 0.04 0.06666666666666667 0.02666666666666667 0.08 0.04 0.09333333333333334 0.06666666666666667 0.02666666666666667 0.04 0.08 
0.024691358024691357 0.024691358024691357 0.2345679012345679 0.08641975308641975 0.037037037037037035 0.07407407407407407 0.037037037037037035 0.024691358024691357 0.06172839506172839 0.037037037037037035 0.04938271604938271 0.06172839506172839 0.037037037037037035 0.06172839506172839 0.04938271604938271 0.024691358024691357 0.07407407407407407 
0.07575757575757576 0.030303030303030304 0.045454545454545456 0.045454545454545456 0.30303030303030304 0.030303030303030304 0.045454545454545456 0.030303030303030304 0.045454545454545456 0.030303030303030304 0.07575757575757576 0.030303030303030304 0.030303030303030304 0.030303030303030304 0.06060606060606061 0.045454545454545456 0.045454545454545456 
0.06557377049180328 0.03278688524590164 0.03278688524590164 0.03278688524590164 0.29508196721311475 0.04918032786885246 0.04918032786885246 0.03278688524590164 0.04918032786885246 0.03278688524590164 0.03278688524590164 0.06557377049180328 0.03278688524590164 0.06557377049180328 0.04918032786885246 0.03278688524590164 0.04918032786885246 
0.025 0.03333333333333333 0.041666666666666664 0.4666666666666667 0.03333333333333333 0.016666666666666666 0.016666666666666666 0.016666666666666666 0.016666666666666666 0.058333333333333334 0.058333333333333334 0.041666666666666664 0.041666666666666664 0.058333333333333334 0.03333333333333333 0.025 0.016666666666666666 
0.02040816326530612 0.05102040816326531 0.02040816326530612 0.061224489795918366 0.02040816326530612 0.02040816326530612 0.030612244897959183 0.030612244897959183 0.02040816326530612 0.4489795918367347 0.05102040816326531 0.05102040816326531 0.02040816326530612 0.030612244897959183 0.04081632653061224 0.02040816326530612 0.061224489795918366 
0.030927835051546393 0.020618556701030927 0.08247422680412371 0.24742268041237114 0.020618556701030927 0.020618556701030927 0.041237113402061855 0.030927835051546393 0.030927835051546393 0.08247422680412371 0.05154639175257732 0.08247422680412371 0.05154639175257732 0.041237113402061855 0.05154639175257732 0.05154639175257732 0.061855670103092786 
0.03225806451612903 0.0967741935483871 0.03225806451612903 0.08064516129032258 0.14516129032258066 0.08064516129032258 0.06451612903225806 0.04838709677419355 0.03225806451612903 0.08064516129032258 0.04838709677419355 0.03225806451612903 0.04838709677419355 0.03225806451612903 0.04838709677419355 0.03225806451612903 0.06451612903225806 
0.04580152671755725 0.0916030534351145 0.07633587786259542 0.0916030534351145 0.10687022900763359 0.09923664122137404 0.03816793893129771 0.015267175572519083 0.03816793893129771 0.03816793893129771 0.04580152671755725 0.12213740458015267 0.022900763358778626 0.030534351145038167 0.06870229007633588 0.03816793893129771 0.030534351145038167 
0.03529411764705882 0.023529411764705882 0.023529411764705882 0.09411764705882353 0.047058823529411764 0.023529411764705882 0.047058823529411764 0.023529411764705882 0.03529411764705882 0.058823529411764705 0.03529411764705882 0.23529411764705882 0.03529411764705882 0.047058823529411764 0.023529411764705882 0.03529411764705882 0.17647058823529413 
0.023529411764705882 0.0392156862745098 0.00784313725490196 0.06666666666666667 0.06274509803921569 0.011764705882352941 0.12549019607843137 0.4470588235294118 0.011764705882352941 0.01568627450980392 0.00784313725490196 0.06666666666666667 0.011764705882352941 0.01568627450980392 0.011764705882352941 0.03137254901960784 0.043137254901960784 
0.0273972602739726 0.0410958904109589 0.0273972602739726 0.0410958904109589 0.2876712328767123 0.0273972602739726 0.0410958904109589 0.0410958904109589 0.0410958904109589 0.0547945205479452 0.0410958904109589 0.0821917808219178 0.0273972602739726 0.0410958904109589 0.0410958904109589 0.0273972602739726 0.1095890410958904 
0.773109243697479 0.02100840336134454 0.02100840336134454 0.012605042016806723 0.012605042016806723 0.012605042016806723 0.02100840336134454 0.012605042016806723 0.012605042016806723 0.01680672268907563 0.008403361344537815 0.025210084033613446 0.008403361344537815 0.012605042016806723 0.012605042016806723 0.008403361344537815 0.008403361344537815 
0.02830188679245283 0.018867924528301886 0.03773584905660377 0.04716981132075472 0.18867924528301888 0.05660377358490566 0.05660377358490566 0.02830188679245283 0.08490566037735849 0.02830188679245283 0.03773584905660377 0.02830188679245283 0.09433962264150944 0.02830188679245283 0.02830188679245283 0.10377358490566038 0.10377358490566038 
0.03496503496503497 0.04895104895104895 0.04895104895104895 0.21678321678321677 0.15384615384615385 0.03496503496503497 0.013986013986013986 0.013986013986013986 0.03496503496503497 0.04195804195804196 0.04195804195804196 0.055944055944055944 0.03496503496503497 0.055944055944055944 0.06993006993006994 0.04895104895104895 0.04895104895104895 
0.014084507042253521 0.014084507042253521 0.028169014084507043 0.028169014084507043 0.014084507042253521 0.02112676056338028 0.014084507042253521 0.6408450704225352 0.028169014084507043 0.02112676056338028 0.04929577464788732 0.028169014084507043 0.028169014084507043 0.014084507042253521 0.028169014084507043 0.014084507042253521 0.014084507042253521 
0.025 0.041666666666666664 0.05 0.016666666666666666 0.041666666666666664 0.025 0.025 0.03333333333333333 0.075 0.10833333333333334 0.125 0.225 0.058333333333333334 0.058333333333333334 0.016666666666666666 0.03333333333333333 0.041666666666666664 
0.010309278350515464 0.010309278350515464 0.010309278350515464 0.015463917525773196 0.020618556701030927 0.010309278350515464 0.010309278350515464 0.010309278350515464 0.015463917525773196 0.010309278350515464 0.8144329896907216 0.010309278350515464 0.010309278350515464 0.010309278350515464 0.010309278350515464 0.010309278350515464 0.010309278350515464 
0.05172413793103448 0.05172413793103448 0.034482758620689655 0.1206896551724138 0.10344827586206896 0.05172413793103448 0.06896551724137931 0.034482758620689655 0.05172413793103448 0.10344827586206896 0.06896551724137931 0.034482758620689655 0.034482758620689655 0.034482758620689655 0.08620689655172414 0.034482758620689655 0.034482758620689655 
0.049019607843137254 0.0392156862745098 0.0196078431372549 0.0196078431372549 0.2647058823529412 0.0392156862745098 0.029411764705882353 0.049019607843137254 0.06862745098039216 0.0392156862745098 0.0392156862745098 0.058823529411764705 0.08823529411764706 0.049019607843137254 0.058823529411764705 0.0196078431372549 0.06862745098039216 
0.023529411764705882 0.047058823529411764 0.047058823529411764 0.09411764705882353 0.058823529411764705 0.07058823529411765 0.058823529411764705 0.047058823529411764 0.07058823529411765 0.023529411764705882 0.047058823529411764 0.023529411764705882 0.047058823529411764 0.058823529411764705 0.047058823529411764 0.07058823529411765 0.16470588235294117 
