0.06363636363636363 0.031818181818181815 0.06363636363636363 0.045454545454545456 0.00909090909090909 0.045454545454545456 0.04090909090909091 0.09545454545454546 0.05909090909090909 0.17272727272727273 0.01818181818181818 0.04090909090909091 0.03636363636363636 0.05 0.04090909090909091 0.08181818181818182 0.10454545454545454 
0.02531645569620253 0.02531645569620253 0.0379746835443038 0.0379746835443038 0.10126582278481013 0.02531645569620253 0.02531645569620253 0.02531645569620253 0.0379746835443038 0.11392405063291139 0.02531645569620253 0.17721518987341772 0.10126582278481013 0.10126582278481013 0.05063291139240506 0.05063291139240506 0.0379746835443038 
0.02564102564102564 0.038461538461538464 0.02564102564102564 0.02564102564102564 0.08974358974358974 0.02564102564102564 0.038461538461538464 0.02564102564102564 0.02564102564102564 0.02564102564102564 0.02564102564102564 0.02564102564102564 0.3717948717948718 0.02564102564102564 0.05128205128205128 0.02564102564102564 0.1282051282051282 
0.030303030303030304 0.045454545454545456 0.030303030303030304 0.030303030303030304 0.10606060606060606 0.030303030303030304 0.045454545454545456 0.030303030303030304 0.045454545454545456 0.045454545454545456 0.15151515151515152 0.045454545454545456 0.045454545454545456 0.07575757575757576 0.030303030303030304 0.045454545454545456 0.16666666666666666 
0.012658227848101266 0.0189873417721519 0.02531645569620253 0.5 0.056962025316455694 0.012658227848101266 0.012658227848101266 0.012658227848101266 0.03164556962025317 0.03164556962025317 0.04430379746835443 0.056962025316455694 0.02531645569620253 0.08860759493670886 0.0379746835443038 0.012658227848101266 0.0189873417721519 
0.04819277108433735 0.024096385542168676 0.024096385542168676 0.07228915662650602 0.18072289156626506 0.060240963855421686 0.04819277108433735 0.024096385542168676 0.060240963855421686 0.07228915662650602 0.03614457831325301 0.060240963855421686 0.060240963855421686 0.060240963855421686 0.07228915662650602 0.024096385542168676 0.07228915662650602 
0.0967741935483871 0.03225806451612903 0.03225806451612903 0.03225806451612903 0.04838709677419355 0.04838709677419355 0.06451612903225806 0.03225806451612903 0.11290322580645161 0.08064516129032258 0.04838709677419355 0.03225806451612903 0.04838709677419355 0.06451612903225806 0.12903225806451613 0.03225806451612903 0.06451612903225806 
0.018691588785046728 0.08411214953271028 0.037383177570093455 0.056074766355140186 0.06542056074766354 0.04672897196261682 0.018691588785046728 0.018691588785046728 0.018691588785046728 0.12149532710280374 0.1588785046728972 0.14018691588785046 0.056074766355140186 0.018691588785046728 0.018691588785046728 0.037383177570093455 0.08411214953271028 
0.8753894080996885 0.009345794392523364 0.006230529595015576 0.009345794392523364 0.006230529595015576 0.006230529595015576 0.009345794392523364 0.006230529595015576 0.009345794392523364 0.006230529595015576 0.006230529595015576 0.009345794392523364 0.006230529595015576 0.006230529595015576 0.012461059190031152 0.006230529595015576 0.009345794392523364 
0.019230769230769232 0.019230769230769232 0.20192307692307693 0.038461538461538464 0.019230769230769232 0.08653846153846154 0.04807692307692308 0.019230769230769232 0.04807692307692308 0.057692307692307696 0.10576923076923077 0.038461538461538464 0.038461538461538464 0.057692307692307696 0.028846153846153848 0.04807692307692308 0.125 
0.8226600985221675 0.009852216748768473 0.009852216748768473 0.009852216748768473 0.014778325123152709 0.009852216748768473 0.009852216748768473 0.014778325123152709 0.009852216748768473 0.009852216748768473 0.009852216748768473 0.009852216748768473 0.009852216748768473 0.009852216748768473 0.019704433497536946 0.009852216748768473 0.009852216748768473 
0.05172413793103448 0.06896551724137931 0.05172413793103448 0.06896551724137931 0.05172413793103448 0.05172413793103448 0.034482758620689655 0.05172413793103448 0.05172413793103448 0.08620689655172414 0.1206896551724138 0.05172413793103448 0.034482758620689655 0.034482758620689655 0.05172413793103448 0.034482758620689655 0.10344827586206896 
0.02564102564102564 0.0641025641025641 0.02564102564102564 0.02564102564102564 0.1794871794871795 0.10256410256410256 0.05128205128205128 0.02564102564102564 0.02564102564102564 0.038461538461538464 0.05128205128205128 0.05128205128205128 0.038461538461538464 0.05128205128205128 0.14102564102564102 0.02564102564102564 0.07692307692307693 
0.031914893617021274 0.031914893617021274 0.031914893617021274 0.13829787234042554 0.35106382978723405 0.031914893617021274 0.031914893617021274 0.031914893617021274 0.02127659574468085 0.05319148936170213 0.0425531914893617 0.02127659574468085 0.02127659574468085 0.02127659574468085 0.031914893617021274 0.031914893617021274 0.07446808510638298 
0.0273972602739726 0.0410958904109589 0.0410958904109589 0.0273972602739726 0.3424657534246575 0.0273972602739726 0.0410958904109589 0.0410958904109589 0.0273972602739726 0.0273972602739726 0.0410958904109589 0.0410958904109589 0.0273972602739726 0.0547945205479452 0.0547945205479452 0.0273972602739726 0.1095890410958904 
0.03333333333333333 0.03333333333333333 0.03333333333333333 0.11666666666666667 0.05 0.05 0.05 0.03333333333333333 0.05 0.05 0.05 0.11666666666666667 0.05 0.11666666666666667 0.06666666666666667 0.06666666666666667 0.03333333333333333 
0.014563106796116505 0.03398058252427184 0.014563106796116505 0.09223300970873786 0.07281553398058252 0.014563106796116505 0.014563106796116505 0.019417475728155338 0.019417475728155338 0.038834951456310676 0.019417475728155338 0.5388349514563107 0.009708737864077669 0.019417475728155338 0.038834951456310676 0.014563106796116505 0.024271844660194174 
0.0425531914893617 0.06382978723404255 0.0425531914893617 0.10638297872340426 0.0851063829787234 0.0425531914893617 0.0425531914893617 0.0425531914893617 0.0425531914893617 0.1276595744680851 0.0425531914893617 0.0425531914893617 0.0425531914893617 0.0425531914893617 0.0425531914893617 0.0851063829787234 0.06382978723404255 
0.05747126436781609 0.022988505747126436 0.06896551724137931 0.022988505747126436 0.12643678160919541 0.04597701149425287 0.022988505747126436 0.022988505747126436 0.06896551724137931 0.04597701149425287 0.04597701149425287 0.022988505747126436 0.04597701149425287 0.022988505747126436 0.1839080459770115 0.04597701149425287 0.12643678160919541 
0.006309148264984227 0.01892744479495268 0.012618296529968454 0.006309148264984227 0.012618296529968454 0.012618296529968454 0.006309148264984227 0.006309148264984227 0.00946372239747634 0.006309148264984227 0.015772870662460567 0.012618296529968454 0.00946372239747634 0.8201892744479495 0.00946372239747634 0.006309148264984227 0.028391167192429023 
0.020442930153321975 0.03236797274275979 0.01192504258943782 0.01192504258943782 0.008517887563884156 0.027257240204429302 0.039182282793867124 0.05281090289608177 0.02385008517887564 0.034071550255536626 0.017035775127768313 0.03577512776831346 0.018739352640545145 0.0068143100511073255 0.018739352640545145 0.6303236797274276 0.010221465076660987 
0.03597122302158273 0.02158273381294964 0.07913669064748201 0.02158273381294964 0.014388489208633094 0.02877697841726619 0.02158273381294964 0.02158273381294964 0.014388489208633094 0.03597122302158273 0.1223021582733813 0.014388489208633094 0.05755395683453238 0.014388489208633094 0.02158273381294964 0.45323741007194246 0.02158273381294964 
0.02531645569620253 0.02531645569620253 0.21518987341772153 0.06329113924050633 0.06329113924050633 0.05063291139240506 0.02531645569620253 0.02531645569620253 0.02531645569620253 0.02531645569620253 0.0379746835443038 0.0379746835443038 0.0379746835443038 0.0759493670886076 0.08860759493670886 0.0379746835443038 0.13924050632911392 
0.03773584905660377 0.08490566037735849 0.02830188679245283 0.02830188679245283 0.07547169811320754 0.02830188679245283 0.018867924528301886 0.018867924528301886 0.018867924528301886 0.02830188679245283 0.02830188679245283 0.46226415094339623 0.03773584905660377 0.02830188679245283 0.03773584905660377 0.018867924528301886 0.018867924528301886 
0.017045454545454544 0.6534090909090909 0.022727272727272728 0.022727272727272728 0.03409090909090909 0.017045454545454544 0.022727272727272728 0.011363636363636364 0.028409090909090908 0.017045454545454544 0.028409090909090908 0.017045454545454544 0.022727272727272728 0.017045454545454544 0.017045454545454544 0.011363636363636364 0.03977272727272727 
0.017857142857142856 0.16071428571428573 0.4107142857142857 0.03571428571428571 0.026785714285714284 0.017857142857142856 0.017857142857142856 0.026785714285714284 0.017857142857142856 0.07142857142857142 0.044642857142857144 0.017857142857142856 0.017857142857142856 0.026785714285714284 0.017857142857142856 0.026785714285714284 0.044642857142857144 
0.029850746268656716 0.11940298507462686 0.04477611940298507 0.04477611940298507 0.04477611940298507 0.07462686567164178 0.029850746268656716 0.04477611940298507 0.029850746268656716 0.05970149253731343 0.029850746268656716 0.14925373134328357 0.029850746268656716 0.1044776119402985 0.05970149253731343 0.04477611940298507 0.05970149253731343 
0.025210084033613446 0.058823529411764705 0.03361344537815126 0.12605042016806722 0.04201680672268908 0.10084033613445378 0.01680672268907563 0.01680672268907563 0.01680672268907563 0.06722689075630252 0.04201680672268908 0.07563025210084033 0.04201680672268908 0.08403361344537816 0.13445378151260504 0.058823529411764705 0.058823529411764705 
0.025974025974025976 0.025974025974025976 0.2597402597402597 0.05194805194805195 0.025974025974025976 0.03896103896103896 0.03896103896103896 0.025974025974025976 0.025974025974025976 0.05194805194805195 0.05194805194805195 0.03896103896103896 0.03896103896103896 0.025974025974025976 0.03896103896103896 0.06493506493506493 0.16883116883116883 
0.018518518518518517 0.012345679012345678 0.09259259259259259 0.08024691358024691 0.16049382716049382 0.037037037037037035 0.024691358024691357 0.018518518518518517 0.024691358024691357 0.14814814814814814 0.05555555555555555 0.10493827160493827 0.018518518518518517 0.05555555555555555 0.06172839506172839 0.030864197530864196 0.05555555555555555 
0.015432098765432098 0.05555555555555555 0.07098765432098765 0.05555555555555555 0.10493827160493827 0.046296296296296294 0.024691358024691357 0.015432098765432098 0.043209876543209874 0.07716049382716049 0.018518518518518517 0.25617283950617287 0.033950617283950615 0.06172839506172839 0.030864197530864196 0.006172839506172839 0.08333333333333333 
0.024390243902439025 0.04878048780487805 0.07317073170731707 0.08943089430894309 0.34146341463414637 0.032520325203252036 0.024390243902439025 0.016260162601626018 0.032520325203252036 0.04065040650406504 0.032520325203252036 0.024390243902439025 0.056910569105691054 0.04065040650406504 0.07317073170731707 0.024390243902439025 0.024390243902439025 
0.015748031496062992 0.015748031496062992 0.023622047244094488 0.015748031496062992 0.023622047244094488 0.015748031496062992 0.015748031496062992 0.015748031496062992 0.015748031496062992 0.023622047244094488 0.6929133858267716 0.015748031496062992 0.015748031496062992 0.023622047244094488 0.015748031496062992 0.023622047244094488 0.031496062992125984 
0.02247191011235955 0.0898876404494382 0.02247191011235955 0.3146067415730337 0.033707865168539325 0.033707865168539325 0.02247191011235955 0.02247191011235955 0.0449438202247191 0.033707865168539325 0.033707865168539325 0.033707865168539325 0.02247191011235955 0.10112359550561797 0.033707865168539325 0.033707865168539325 0.10112359550561797 
0.040160642570281124 0.008032128514056224 0.08433734939759036 0.020080321285140562 0.008032128514056224 0.028112449799196786 0.07228915662650602 0.5060240963855421 0.008032128514056224 0.020080321285140562 0.06827309236947791 0.012048192771084338 0.008032128514056224 0.020080321285140562 0.05220883534136546 0.008032128514056224 0.03614457831325301 
0.022222222222222223 0.05925925925925926 0.037037037037037035 0.014814814814814815 0.16296296296296298 0.022222222222222223 0.014814814814814815 0.044444444444444446 0.02962962962962963 0.02962962962962963 0.014814814814814815 0.08888888888888889 0.014814814814814815 0.05925925925925926 0.044444444444444446 0.014814814814814815 0.32592592592592595 
0.0026223776223776225 0.006118881118881119 0.0034965034965034965 0.0034965034965034965 0.011363636363636364 0.9300699300699301 0.0026223776223776225 0.0017482517482517483 0.0026223776223776225 0.0017482517482517483 0.006118881118881119 0.0034965034965034965 0.004370629370629371 0.005244755244755245 0.0034965034965034965 0.0026223776223776225 0.008741258741258742 
0.03260869565217391 0.03260869565217391 0.043478260869565216 0.10869565217391304 0.03260869565217391 0.05434782608695652 0.03260869565217391 0.16304347826086957 0.03260869565217391 0.03260869565217391 0.16304347826086957 0.021739130434782608 0.07608695652173914 0.043478260869565216 0.05434782608695652 0.05434782608695652 0.021739130434782608 
0.03529411764705882 0.058823529411764705 0.03529411764705882 0.03529411764705882 0.4470588235294118 0.09411764705882353 0.023529411764705882 0.023529411764705882 0.023529411764705882 0.023529411764705882 0.03529411764705882 0.023529411764705882 0.03529411764705882 0.03529411764705882 0.023529411764705882 0.023529411764705882 0.023529411764705882 
0.8078817733990148 0.009852216748768473 0.009852216748768473 0.014778325123152709 0.009852216748768473 0.009852216748768473 0.014778325123152709 0.024630541871921183 0.009852216748768473 0.009852216748768473 0.009852216748768473 0.009852216748768473 0.009852216748768473 0.009852216748768473 0.019704433497536946 0.009852216748768473 0.009852216748768473 
0.03333333333333333 0.03333333333333333 0.16666666666666666 0.08888888888888889 0.022222222222222223 0.08888888888888889 0.03333333333333333 0.044444444444444446 0.03333333333333333 0.07777777777777778 0.06666666666666667 0.03333333333333333 0.03333333333333333 0.03333333333333333 0.022222222222222223 0.07777777777777778 0.1111111111111111 
0.034482758620689655 0.034482758620689655 0.06896551724137931 0.034482758620689655 0.10344827586206896 0.034482758620689655 0.05172413793103448 0.06896551724137931 0.05172413793103448 0.034482758620689655 0.034482758620689655 0.06896551724137931 0.06896551724137931 0.08620689655172414 0.06896551724137931 0.034482758620689655 0.1206896551724138 
0.006915629322268326 0.005532503457814661 0.0027662517289073307 0.004149377593360996 0.006915629322268326 0.005532503457814661 0.0027662517289073307 0.011065006915629323 0.8921161825726142 0.0027662517289073307 0.004149377593360996 0.005532503457814661 0.006915629322268326 0.0027662517289073307 0.008298755186721992 0.006915629322268326 0.024896265560165973 
0.02336448598130841 0.07476635514018691 0.02336448598130841 0.018691588785046728 0.19626168224299065 0.018691588785046728 0.018691588785046728 0.009345794392523364 0.037383177570093455 0.02336448598130841 0.02336448598130841 0.03271028037383177 0.018691588785046728 0.009345794392523364 0.3925233644859813 0.018691588785046728 0.06074766355140187 
0.0547945205479452 0.0273972602739726 0.0410958904109589 0.0958904109589041 0.2602739726027397 0.0547945205479452 0.0273972602739726 0.0410958904109589 0.0684931506849315 0.0547945205479452 0.0273972602739726 0.0410958904109589 0.0273972602739726 0.0547945205479452 0.0273972602739726 0.0410958904109589 0.0547945205479452 
0.005797101449275362 0.03188405797101449 0.8 0.005797101449275362 0.017391304347826087 0.02608695652173913 0.008695652173913044 0.005797101449275362 0.005797101449275362 0.005797101449275362 0.005797101449275362 0.008695652173913044 0.017391304347826087 0.02608695652173913 0.008695652173913044 0.008695652173913044 0.011594202898550725 
0.01875 0.7875 0.01875 0.0125 0.0125 0.0125 0.0125 0.0125 0.0125 0.0125 0.0125 0.0125 0.0125 0.0125 0.0125 0.0125 0.0125 
0.024390243902439025 0.024390243902439025 0.06097560975609756 0.036585365853658534 0.12195121951219512 0.04878048780487805 0.036585365853658534 0.024390243902439025 0.024390243902439025 0.036585365853658534 0.04878048780487805 0.08536585365853659 0.024390243902439025 0.04878048780487805 0.036585365853658534 0.07317073170731707 0.24390243902439024 
0.01680672268907563 0.03361344537815126 0.20168067226890757 0.025210084033613446 0.19327731092436976 0.05042016806722689 0.03361344537815126 0.04201680672268908 0.03361344537815126 0.07563025210084033 0.025210084033613446 0.10084033613445378 0.03361344537815126 0.025210084033613446 0.025210084033613446 0.025210084033613446 0.058823529411764705 
0.02142857142857143 0.06428571428571428 0.04285714285714286 0.02857142857142857 0.03571428571428571 0.05714285714285714 0.08571428571428572 0.014285714285714285 0.02142857142857143 0.05 0.03571428571428571 0.02857142857142857 0.02857142857142857 0.06428571428571428 0.014285714285714285 0.014285714285714285 0.39285714285714285 
0.02127659574468085 0.05106382978723404 0.029787234042553193 0.059574468085106386 0.09787234042553192 0.02127659574468085 0.04680851063829787 0.3148936170212766 0.03829787234042553 0.01702127659574468 0.0425531914893617 0.10638297872340426 0.02553191489361702 0.01702127659574468 0.02127659574468085 0.059574468085106386 0.029787234042553193 
0.027777777777777776 0.041666666666666664 0.027777777777777776 0.027777777777777776 0.05555555555555555 0.027777777777777776 0.05555555555555555 0.027777777777777776 0.027777777777777776 0.1111111111111111 0.09722222222222222 0.2361111111111111 0.05555555555555555 0.027777777777777776 0.06944444444444445 0.05555555555555555 0.027777777777777776 
0.03 0.13 0.06 0.12 0.17 0.06 0.04 0.02 0.04 0.03 0.02 0.04 0.03 0.03 0.05 0.02 0.11 
0.015748031496062992 0.015748031496062992 0.015748031496062992 0.015748031496062992 0.015748031496062992 0.023622047244094488 0.015748031496062992 0.015748031496062992 0.015748031496062992 0.023622047244094488 0.7165354330708661 0.015748031496062992 0.015748031496062992 0.015748031496062992 0.023622047244094488 0.015748031496062992 0.023622047244094488 
0.051470588235294115 0.022058823529411766 0.08088235294117647 0.07352941176470588 0.014705882352941176 0.022058823529411766 0.03676470588235294 0.014705882352941176 0.09558823529411764 0.08088235294117647 0.11764705882352941 0.09558823529411764 0.04411764705882353 0.08088235294117647 0.0661764705882353 0.022058823529411766 0.08088235294117647 
0.034482758620689655 0.04597701149425287 0.022988505747126436 0.08045977011494253 0.04597701149425287 0.08045977011494253 0.034482758620689655 0.022988505747126436 0.034482758620689655 0.08045977011494253 0.022988505747126436 0.10344827586206896 0.04597701149425287 0.04597701149425287 0.05747126436781609 0.10344827586206896 0.13793103448275862 
0.021505376344086023 0.03225806451612903 0.043010752688172046 0.5591397849462365 0.021505376344086023 0.021505376344086023 0.03225806451612903 0.021505376344086023 0.021505376344086023 0.03225806451612903 0.021505376344086023 0.043010752688172046 0.021505376344086023 0.021505376344086023 0.021505376344086023 0.043010752688172046 0.021505376344086023 
0.025974025974025976 0.025974025974025976 0.05194805194805195 0.09090909090909091 0.22077922077922077 0.05194805194805195 0.06493506493506493 0.03896103896103896 0.03896103896103896 0.025974025974025976 0.06493506493506493 0.025974025974025976 0.025974025974025976 0.06493506493506493 0.03896103896103896 0.05194805194805195 0.09090909090909091 
0.06741573033707865 0.0449438202247191 0.0898876404494382 0.10112359550561797 0.10112359550561797 0.06741573033707865 0.06741573033707865 0.033707865168539325 0.033707865168539325 0.056179775280898875 0.07865168539325842 0.033707865168539325 0.06741573033707865 0.033707865168539325 0.0449438202247191 0.02247191011235955 0.056179775280898875 
0.034722222222222224 0.041666666666666664 0.020833333333333332 0.14583333333333334 0.027777777777777776 0.034722222222222224 0.027777777777777776 0.020833333333333332 0.027777777777777776 0.2916666666666667 0.027777777777777776 0.05555555555555555 0.041666666666666664 0.034722222222222224 0.05555555555555555 0.020833333333333332 0.09027777777777778 
0.03821656050955414 0.09554140127388536 0.044585987261146494 0.025477707006369428 0.050955414012738856 0.025477707006369428 0.03821656050955414 0.012738853503184714 0.025477707006369428 0.03184713375796178 0.03821656050955414 0.21656050955414013 0.01910828025477707 0.15286624203821655 0.09554140127388536 0.01910828025477707 0.07006369426751592 
0.06578947368421052 0.05263157894736842 0.05263157894736842 0.05263157894736842 0.11842105263157894 0.05263157894736842 0.02631578947368421 0.05263157894736842 0.02631578947368421 0.05263157894736842 0.05263157894736842 0.07894736842105263 0.10526315789473684 0.05263157894736842 0.039473684210526314 0.039473684210526314 0.07894736842105263 
0.011976047904191617 0.059880239520958084 0.041916167664670656 0.03592814371257485 0.07784431137724551 0.05389221556886228 0.023952095808383235 0.011976047904191617 0.023952095808383235 0.15568862275449102 0.041916167664670656 0.12574850299401197 0.03592814371257485 0.1317365269461078 0.017964071856287425 0.0658682634730539 0.08383233532934131 
0.04854368932038835 0.05825242718446602 0.05825242718446602 0.11650485436893204 0.08737864077669903 0.07766990291262135 0.038834951456310676 0.02912621359223301 0.06796116504854369 0.06796116504854369 0.019417475728155338 0.04854368932038835 0.07766990291262135 0.038834951456310676 0.07766990291262135 0.06796116504854369 0.019417475728155338 
0.029411764705882353 0.04411764705882353 0.029411764705882353 0.029411764705882353 0.029411764705882353 0.029411764705882353 0.029411764705882353 0.029411764705882353 0.029411764705882353 0.04411764705882353 0.029411764705882353 0.029411764705882353 0.04411764705882353 0.029411764705882353 0.029411764705882353 0.029411764705882353 0.4852941176470588 
0.02702702702702703 0.06756756756756757 0.02702702702702703 0.13513513513513514 0.06756756756756757 0.04054054054054054 0.04054054054054054 0.06756756756756757 0.04054054054054054 0.12162162162162163 0.04054054054054054 0.08108108108108109 0.05405405405405406 0.05405405405405406 0.06756756756756757 0.02702702702702703 0.04054054054054054 
0.1206896551724138 0.05172413793103448 0.05172413793103448 0.06896551724137931 0.05172413793103448 0.034482758620689655 0.05172413793103448 0.034482758620689655 0.034482758620689655 0.13793103448275862 0.05172413793103448 0.034482758620689655 0.06896551724137931 0.034482758620689655 0.05172413793103448 0.034482758620689655 0.08620689655172414 
0.024390243902439025 0.024390243902439025 0.06097560975609756 0.04878048780487805 0.04878048780487805 0.024390243902439025 0.024390243902439025 0.036585365853658534 0.07317073170731707 0.07317073170731707 0.04878048780487805 0.2682926829268293 0.024390243902439025 0.036585365853658534 0.024390243902439025 0.036585365853658534 0.12195121951219512 
0.029411764705882353 0.07352941176470588 0.058823529411764705 0.029411764705882353 0.029411764705882353 0.058823529411764705 0.029411764705882353 0.029411764705882353 0.029411764705882353 0.08823529411764706 0.10294117647058823 0.1323529411764706 0.08823529411764706 0.029411764705882353 0.10294117647058823 0.029411764705882353 0.058823529411764705 
0.009523809523809525 0.05238095238095238 0.009523809523809525 0.06666666666666667 0.42857142857142855 0.07142857142857142 0.009523809523809525 0.009523809523809525 0.023809523809523808 0.0761904761904762 0.047619047619047616 0.01904761904761905 0.04285714285714286 0.023809523809523808 0.05714285714285714 0.009523809523809525 0.04285714285714286 
0.044444444444444446 0.06666666666666667 0.044444444444444446 0.044444444444444446 0.14444444444444443 0.08888888888888889 0.03333333333333333 0.03333333333333333 0.06666666666666667 0.12222222222222222 0.06666666666666667 0.03333333333333333 0.044444444444444446 0.03333333333333333 0.044444444444444446 0.044444444444444446 0.044444444444444446 
0.0125 0.7875 0.0125 0.01875 0.0125 0.0125 0.01875 0.0125 0.0125 0.0125 0.0125 0.0125 0.0125 0.0125 0.0125 0.0125 0.0125 
0.015748031496062992 0.023622047244094488 0.015748031496062992 0.4094488188976378 0.047244094488188976 0.11023622047244094 0.015748031496062992 0.023622047244094488 0.015748031496062992 0.015748031496062992 0.047244094488188976 0.015748031496062992 0.12598425196850394 0.03937007874015748 0.031496062992125984 0.023622047244094488 0.023622047244094488 
0.038461538461538464 0.057692307692307696 0.038461538461538464 0.11538461538461539 0.057692307692307696 0.057692307692307696 0.057692307692307696 0.038461538461538464 0.038461538461538464 0.038461538461538464 0.038461538461538464 0.09615384615384616 0.038461538461538464 0.11538461538461539 0.07692307692307693 0.038461538461538464 0.057692307692307696 
0.04807692307692308 0.038461538461538464 0.04807692307692308 0.07692307692307693 0.038461538461538464 0.019230769230769232 0.038461538461538464 0.028846153846153848 0.028846153846153848 0.038461538461538464 0.21153846153846154 0.22115384615384615 0.038461538461538464 0.0673076923076923 0.019230769230769232 0.019230769230769232 0.019230769230769232 
0.010582010582010581 0.026455026455026454 0.010582010582010581 0.031746031746031744 0.43915343915343913 0.07936507936507936 0.010582010582010581 0.010582010582010581 0.015873015873015872 0.042328042328042326 0.021164021164021163 0.13227513227513227 0.042328042328042326 0.047619047619047616 0.047619047619047616 0.015873015873015872 0.015873015873015872 
0.008928571428571428 0.03571428571428571 0.017857142857142856 0.10714285714285714 0.06696428571428571 0.09375 0.04017857142857143 0.008928571428571428 0.05357142857142857 0.08928571428571429 0.017857142857142856 0.10267857142857142 0.049107142857142856 0.14732142857142858 0.08035714285714286 0.049107142857142856 0.03125 
0.03125 0.0625 0.046875 0.03125 0.0625 0.046875 0.046875 0.046875 0.03125 0.078125 0.0625 0.078125 0.03125 0.046875 0.109375 0.03125 0.15625 
0.029850746268656716 0.05970149253731343 0.05970149253731343 0.04477611940298507 0.04477611940298507 0.07462686567164178 0.029850746268656716 0.05970149253731343 0.029850746268656716 0.05970149253731343 0.07462686567164178 0.029850746268656716 0.029850746268656716 0.07462686567164178 0.19402985074626866 0.029850746268656716 0.07462686567164178 
0.017241379310344827 0.034482758620689655 0.5344827586206896 0.017241379310344827 0.07758620689655173 0.017241379310344827 0.017241379310344827 0.017241379310344827 0.017241379310344827 0.017241379310344827 0.02586206896551724 0.017241379310344827 0.017241379310344827 0.05172413793103448 0.04310344827586207 0.017241379310344827 0.0603448275862069 
0.0410958904109589 0.0273972602739726 0.0958904109589041 0.1095890410958904 0.0684931506849315 0.136986301369863 0.0821917808219178 0.0273972602739726 0.0273972602739726 0.0273972602739726 0.0410958904109589 0.0273972602739726 0.0410958904109589 0.0410958904109589 0.136986301369863 0.0273972602739726 0.0410958904109589 
0.029411764705882353 0.1323529411764706 0.058823529411764705 0.029411764705882353 0.04411764705882353 0.04411764705882353 0.029411764705882353 0.029411764705882353 0.029411764705882353 0.07352941176470588 0.058823529411764705 0.14705882352941177 0.07352941176470588 0.07352941176470588 0.07352941176470588 0.029411764705882353 0.04411764705882353 
0.05982905982905983 0.05128205128205128 0.042735042735042736 0.08547008547008547 0.08547008547008547 0.02564102564102564 0.02564102564102564 0.017094017094017096 0.03418803418803419 0.03418803418803419 0.05128205128205128 0.05982905982905983 0.06837606837606838 0.042735042735042736 0.15384615384615385 0.05982905982905983 0.10256410256410256 
0.030303030303030304 0.13636363636363635 0.10606060606060606 0.045454545454545456 0.045454545454545456 0.030303030303030304 0.045454545454545456 0.030303030303030304 0.045454545454545456 0.06060606060606061 0.06060606060606061 0.06060606060606061 0.045454545454545456 0.09090909090909091 0.06060606060606061 0.045454545454545456 0.06060606060606061 
0.031746031746031744 0.047619047619047616 0.047619047619047616 0.031746031746031744 0.06349206349206349 0.031746031746031744 0.06349206349206349 0.031746031746031744 0.1111111111111111 0.047619047619047616 0.06349206349206349 0.14285714285714285 0.031746031746031744 0.07936507936507936 0.09523809523809523 0.031746031746031744 0.047619047619047616 
0.030927835051546393 0.020618556701030927 0.030927835051546393 0.08247422680412371 0.020618556701030927 0.020618556701030927 0.05154639175257732 0.030927835051546393 0.020618556701030927 0.020618556701030927 0.05154639175257732 0.041237113402061855 0.44329896907216493 0.020618556701030927 0.061855670103092786 0.030927835051546393 0.020618556701030927 
0.027777777777777776 0.041666666666666664 0.041666666666666664 0.1111111111111111 0.20833333333333334 0.027777777777777776 0.06944444444444445 0.027777777777777776 0.041666666666666664 0.027777777777777776 0.041666666666666664 0.1111111111111111 0.041666666666666664 0.05555555555555555 0.041666666666666664 0.027777777777777776 0.05555555555555555 
0.02666666666666667 0.02666666666666667 0.02666666666666667 0.08 0.25333333333333335 0.05333333333333334 0.05333333333333334 0.02666666666666667 0.06666666666666667 0.02666666666666667 0.04 0.08 0.04 0.05333333333333334 0.05333333333333334 0.02666666666666667 0.06666666666666667 
0.004559270516717325 0.028875379939209727 0.0121580547112462 0.00911854103343465 0.05927051671732523 0.05015197568389058 0.034954407294832825 0.42249240121580545 0.013677811550151976 0.031914893617021274 0.02127659574468085 0.10638297872340426 0.10486322188449848 0.00911854103343465 0.03951367781155015 0.015197568389057751 0.0364741641337386 
0.03571428571428571 0.03125 0.017857142857142856 0.008928571428571428 0.022321428571428572 0.013392857142857142 0.026785714285714284 0.47767857142857145 0.03571428571428571 0.013392857142857142 0.008928571428571428 0.16517857142857142 0.022321428571428572 0.022321428571428572 0.06696428571428571 0.017857142857142856 0.013392857142857142 
0.025 0.041666666666666664 0.03333333333333333 0.016666666666666666 0.16666666666666666 0.09166666666666666 0.025 0.03333333333333333 0.016666666666666666 0.13333333333333333 0.016666666666666666 0.15 0.041666666666666664 0.025 0.08333333333333333 0.016666666666666666 0.08333333333333333 
0.028169014084507043 0.04225352112676056 0.09859154929577464 0.028169014084507043 0.09859154929577464 0.028169014084507043 0.08450704225352113 0.04225352112676056 0.04225352112676056 0.028169014084507043 0.028169014084507043 0.07042253521126761 0.04225352112676056 0.04225352112676056 0.08450704225352113 0.04225352112676056 0.16901408450704225 
0.02027027027027027 0.07432432432432433 0.013513513513513514 0.06756756756756757 0.22972972972972974 0.033783783783783786 0.04054054054054054 0.02702702702702703 0.013513513513513514 0.02027027027027027 0.02027027027027027 0.08108108108108109 0.02702702702702703 0.07432432432432433 0.04054054054054054 0.02027027027027027 0.19594594594594594 
0.02666666666666667 0.08 0.05333333333333334 0.04 0.05333333333333334 0.06666666666666667 0.02666666666666667 0.04 0.04 0.02666666666666667 0.10666666666666667 0.12 0.08 0.04 0.02666666666666667 0.04 0.13333333333333333 
0.0125 0.79375 0.0125 0.01875 0.0125 0.0125 0.0125 0.0125 0.0125 0.0125 0.0125 0.0125 0.0125 0.0125 0.0125 0.0125 0.0125 
0.043010752688172046 0.021505376344086023 0.043010752688172046 0.043010752688172046 0.3763440860215054 0.021505376344086023 0.043010752688172046 0.043010752688172046 0.021505376344086023 0.08602150537634409 0.08602150537634409 0.021505376344086023 0.043010752688172046 0.021505376344086023 0.021505376344086023 0.021505376344086023 0.043010752688172046 
0.0967741935483871 0.06451612903225806 0.03225806451612903 0.06451612903225806 0.03225806451612903 0.08064516129032258 0.08064516129032258 0.03225806451612903 0.0967741935483871 0.06451612903225806 0.06451612903225806 0.04838709677419355 0.03225806451612903 0.03225806451612903 0.08064516129032258 0.03225806451612903 0.06451612903225806 
0.034482758620689655 0.05172413793103448 0.05172413793103448 0.06896551724137931 0.10344827586206896 0.08620689655172414 0.034482758620689655 0.034482758620689655 0.05172413793103448 0.06896551724137931 0.034482758620689655 0.10344827586206896 0.034482758620689655 0.08620689655172414 0.034482758620689655 0.05172413793103448 0.06896551724137931 
0.012738853503184714 0.01910828025477707 0.012738853503184714 0.643312101910828 0.05732484076433121 0.012738853503184714 0.01910828025477707 0.012738853503184714 0.012738853503184714 0.025477707006369428 0.025477707006369428 0.012738853503184714 0.01910828025477707 0.025477707006369428 0.01910828025477707 0.012738853503184714 0.05732484076433121 
0.04 0.10666666666666667 0.09333333333333334 0.05333333333333334 0.10666666666666667 0.05333333333333334 0.02666666666666667 0.02666666666666667 0.04 0.04 0.02666666666666667 0.08 0.13333333333333333 0.04 0.06666666666666667 0.04 0.02666666666666667 
0.024691358024691357 0.024691358024691357 0.2345679012345679 0.08641975308641975 0.024691358024691357 0.024691358024691357 0.06172839506172839 0.024691358024691357 0.07407407407407407 0.04938271604938271 0.06172839506172839 0.037037037037037035 0.024691358024691357 0.06172839506172839 0.04938271604938271 0.037037037037037035 0.09876543209876543 
0.030303030303030304 0.030303030303030304 0.045454545454545456 0.045454545454545456 0.30303030303030304 0.07575757575757576 0.030303030303030304 0.030303030303030304 0.045454545454545456 0.07575757575757576 0.030303030303030304 0.030303030303030304 0.030303030303030304 0.045454545454545456 0.07575757575757576 0.030303030303030304 0.045454545454545456 
0.04918032786885246 0.06557377049180328 0.04918032786885246 0.03278688524590164 0.22950819672131148 0.04918032786885246 0.04918032786885246 0.03278688524590164 0.04918032786885246 0.06557377049180328 0.04918032786885246 0.03278688524590164 0.03278688524590164 0.04918032786885246 0.08196721311475409 0.03278688524590164 0.04918032786885246 
0.025 0.025 0.041666666666666664 0.4583333333333333 0.058333333333333334 0.025 0.03333333333333333 0.016666666666666666 0.016666666666666666 0.03333333333333333 0.025 0.025 0.016666666666666666 0.10833333333333334 0.05 0.025 0.016666666666666666 
0.02040816326530612 0.030612244897959183 0.030612244897959183 0.04081632653061224 0.04081632653061224 0.02040816326530612 0.02040816326530612 0.02040816326530612 0.02040816326530612 0.46938775510204084 0.061224489795918366 0.04081632653061224 0.02040816326530612 0.030612244897959183 0.02040816326530612 0.030612244897959183 0.08163265306122448 
0.030927835051546393 0.041237113402061855 0.061855670103092786 0.1134020618556701 0.061855670103092786 0.030927835051546393 0.020618556701030927 0.030927835051546393 0.041237113402061855 0.08247422680412371 0.10309278350515463 0.05154639175257732 0.041237113402061855 0.061855670103092786 0.030927835051546393 0.09278350515463918 0.10309278350515463 
0.03225806451612903 0.0967741935483871 0.06451612903225806 0.03225806451612903 0.06451612903225806 0.0967741935483871 0.03225806451612903 0.06451612903225806 0.03225806451612903 0.06451612903225806 0.04838709677419355 0.06451612903225806 0.04838709677419355 0.04838709677419355 0.08064516129032258 0.0967741935483871 0.03225806451612903 
0.022900763358778626 0.022900763358778626 0.04580152671755725 0.04580152671755725 0.17557251908396945 0.03816793893129771 0.03816793893129771 0.030534351145038167 0.015267175572519083 0.04580152671755725 0.05343511450381679 0.11450381679389313 0.05343511450381679 0.07633587786259542 0.16030534351145037 0.030534351145038167 0.030534351145038167 
0.03529411764705882 0.023529411764705882 0.023529411764705882 0.12941176470588237 0.047058823529411764 0.03529411764705882 0.047058823529411764 0.03529411764705882 0.03529411764705882 0.058823529411764705 0.058823529411764705 0.21176470588235294 0.047058823529411764 0.047058823529411764 0.03529411764705882 0.023529411764705882 0.10588235294117647 
0.050980392156862744 0.01568627450980392 0.0392156862745098 0.050980392156862744 0.050980392156862744 0.011764705882352941 0.09803921568627451 0.4745098039215686 0.00784313725490196 0.0196078431372549 0.0196078431372549 0.06666666666666667 0.0196078431372549 0.011764705882352941 0.011764705882352941 0.00784313725490196 0.043137254901960784 
0.0273972602739726 0.0273972602739726 0.0273972602739726 0.0410958904109589 0.3561643835616438 0.0410958904109589 0.0410958904109589 0.0273972602739726 0.0273972602739726 0.0547945205479452 0.0547945205479452 0.0547945205479452 0.0273972602739726 0.0273972602739726 0.0273972602739726 0.0273972602739726 0.1095890410958904 
0.7857142857142857 0.012605042016806723 0.008403361344537815 0.008403361344537815 0.02100840336134454 0.02100840336134454 0.01680672268907563 0.01680672268907563 0.008403361344537815 0.029411764705882353 0.012605042016806723 0.008403361344537815 0.01680672268907563 0.008403361344537815 0.008403361344537815 0.008403361344537815 0.008403361344537815 
0.018867924528301886 0.05660377358490566 0.03773584905660377 0.04716981132075472 0.20754716981132076 0.04716981132075472 0.018867924528301886 0.018867924528301886 0.10377358490566038 0.02830188679245283 0.018867924528301886 0.04716981132075472 0.16037735849056603 0.0660377358490566 0.04716981132075472 0.03773584905660377 0.03773584905660377 
0.04195804195804196 0.03496503496503497 0.06993006993006994 0.16783216783216784 0.2097902097902098 0.027972027972027972 0.02097902097902098 0.013986013986013986 0.027972027972027972 0.02097902097902098 0.06293706293706294 0.02097902097902098 0.055944055944055944 0.0979020979020979 0.04195804195804196 0.04195804195804196 0.04195804195804196 
0.014084507042253521 0.028169014084507043 0.056338028169014086 0.014084507042253521 0.02112676056338028 0.014084507042253521 0.028169014084507043 0.6619718309859155 0.014084507042253521 0.035211267605633804 0.014084507042253521 0.028169014084507043 0.014084507042253521 0.014084507042253521 0.014084507042253521 0.014084507042253521 0.014084507042253521 
0.025 0.08333333333333333 0.041666666666666664 0.05 0.025 0.058333333333333334 0.041666666666666664 0.016666666666666666 0.09166666666666666 0.05 0.11666666666666667 0.10833333333333334 0.06666666666666667 0.03333333333333333 0.1 0.016666666666666666 0.075 
0.010309278350515464 0.015463917525773196 0.010309278350515464 0.010309278350515464 0.010309278350515464 0.010309278350515464 0.010309278350515464 0.010309278350515464 0.010309278350515464 0.010309278350515464 0.8298969072164949 0.010309278350515464 0.010309278350515464 0.010309278350515464 0.010309278350515464 0.010309278350515464 0.010309278350515464 
0.05172413793103448 0.034482758620689655 0.05172413793103448 0.06896551724137931 0.034482758620689655 0.10344827586206896 0.06896551724137931 0.034482758620689655 0.06896551724137931 0.05172413793103448 0.05172413793103448 0.034482758620689655 0.034482758620689655 0.1206896551724138 0.1206896551724138 0.034482758620689655 0.034482758620689655 
0.0196078431372549 0.049019607843137254 0.029411764705882353 0.058823529411764705 0.21568627450980393 0.08823529411764706 0.049019607843137254 0.029411764705882353 0.06862745098039216 0.11764705882352941 0.0196078431372549 0.058823529411764705 0.0196078431372549 0.0196078431372549 0.08823529411764706 0.049019607843137254 0.0196078431372549 
0.03529411764705882 0.047058823529411764 0.023529411764705882 0.047058823529411764 0.058823529411764705 0.08235294117647059 0.07058823529411765 0.023529411764705882 0.047058823529411764 0.023529411764705882 0.058823529411764705 0.047058823529411764 0.058823529411764705 0.03529411764705882 0.07058823529411765 0.03529411764705882 0.23529411764705882 
