0.012711864406779662 0.025423728813559324 0.01694915254237288 0.046610169491525424 0.038135593220338986 0.025423728813559324 0.00847457627118644 0.0847457627118644 0.01694915254237288 0.00847457627118644 0.01694915254237288 0.0423728813559322 0.01694915254237288 0.046610169491525424 0.03389830508474576 0.08898305084745763 0.0423728813559322 0.05508474576271186 0.012711864406779662 0.01694915254237288 0.05508474576271186 0.1228813559322034 0.0211864406779661 0.13559322033898305 0.00847457627118644 
0.042105263157894736 0.06315789473684211 0.021052631578947368 0.031578947368421054 0.06315789473684211 0.07368421052631578 0.042105263157894736 0.042105263157894736 0.042105263157894736 0.021052631578947368 0.021052631578947368 0.021052631578947368 0.042105263157894736 0.021052631578947368 0.031578947368421054 0.021052631578947368 0.021052631578947368 0.031578947368421054 0.031578947368421054 0.042105263157894736 0.11578947368421053 0.031578947368421054 0.031578947368421054 0.07368421052631578 0.021052631578947368 
0.05319148936170213 0.02127659574468085 0.02127659574468085 0.02127659574468085 0.19148936170212766 0.11702127659574468 0.02127659574468085 0.02127659574468085 0.031914893617021274 0.02127659574468085 0.02127659574468085 0.02127659574468085 0.02127659574468085 0.031914893617021274 0.031914893617021274 0.02127659574468085 0.02127659574468085 0.02127659574468085 0.10638297872340426 0.02127659574468085 0.02127659574468085 0.02127659574468085 0.02127659574468085 0.02127659574468085 0.07446808510638298 
0.036585365853658534 0.06097560975609756 0.024390243902439025 0.024390243902439025 0.024390243902439025 0.12195121951219512 0.07317073170731707 0.024390243902439025 0.024390243902439025 0.024390243902439025 0.036585365853658534 0.024390243902439025 0.04878048780487805 0.024390243902439025 0.024390243902439025 0.024390243902439025 0.024390243902439025 0.036585365853658534 0.06097560975609756 0.036585365853658534 0.036585365853658534 0.06097560975609756 0.024390243902439025 0.04878048780487805 0.04878048780487805 
0.011494252873563218 0.017241379310344827 0.011494252873563218 0.022988505747126436 0.017241379310344827 0.011494252873563218 0.028735632183908046 0.034482758620689655 0.011494252873563218 0.011494252873563218 0.4827586206896552 0.011494252873563218 0.011494252873563218 0.040229885057471264 0.028735632183908046 0.011494252873563218 0.022988505747126436 0.011494252873563218 0.034482758620689655 0.040229885057471264 0.028735632183908046 0.028735632183908046 0.028735632183908046 0.011494252873563218 0.028735632183908046 
0.04040404040404041 0.06060606060606061 0.020202020202020204 0.020202020202020204 0.020202020202020204 0.030303030303030304 0.030303030303030304 0.020202020202020204 0.04040404040404041 0.06060606060606061 0.020202020202020204 0.030303030303030304 0.04040404040404041 0.020202020202020204 0.050505050505050504 0.030303030303030304 0.020202020202020204 0.030303030303030304 0.12121212121212122 0.09090909090909091 0.04040404040404041 0.050505050505050504 0.030303030303030304 0.050505050505050504 0.030303030303030304 
0.0641025641025641 0.02564102564102564 0.05128205128205128 0.038461538461538464 0.02564102564102564 0.038461538461538464 0.0641025641025641 0.02564102564102564 0.038461538461538464 0.02564102564102564 0.02564102564102564 0.02564102564102564 0.02564102564102564 0.0641025641025641 0.038461538461538464 0.038461538461538464 0.02564102564102564 0.05128205128205128 0.05128205128205128 0.10256410256410256 0.038461538461538464 0.02564102564102564 0.02564102564102564 0.038461538461538464 0.02564102564102564 
0.032520325203252036 0.056910569105691054 0.016260162601626018 0.024390243902439025 0.024390243902439025 0.08130081300813008 0.15447154471544716 0.024390243902439025 0.024390243902439025 0.024390243902439025 0.032520325203252036 0.016260162601626018 0.016260162601626018 0.04065040650406504 0.032520325203252036 0.024390243902439025 0.04065040650406504 0.016260162601626018 0.032520325203252036 0.016260162601626018 0.04065040650406504 0.016260162601626018 0.04065040650406504 0.12195121951219512 0.04878048780487805 
0.005934718100890208 0.008902077151335312 0.005934718100890208 0.827893175074184 0.008902077151335312 0.008902077151335312 0.005934718100890208 0.008902077151335312 0.005934718100890208 0.008902077151335312 0.005934718100890208 0.005934718100890208 0.005934718100890208 0.005934718100890208 0.005934718100890208 0.005934718100890208 0.005934718100890208 0.005934718100890208 0.011869436201780416 0.005934718100890208 0.005934718100890208 0.005934718100890208 0.005934718100890208 0.008902077151335312 0.011869436201780416 
0.03571428571428571 0.03571428571428571 0.05357142857142857 0.03571428571428571 0.03571428571428571 0.03571428571428571 0.03571428571428571 0.03571428571428571 0.03571428571428571 0.05357142857142857 0.03571428571428571 0.03571428571428571 0.07142857142857142 0.03571428571428571 0.03571428571428571 0.03571428571428571 0.03571428571428571 0.03571428571428571 0.03571428571428571 0.03571428571428571 0.03571428571428571 0.03571428571428571 0.03571428571428571 0.05357142857142857 0.05357142857142857 
0.10833333333333334 0.058333333333333334 0.03333333333333333 0.016666666666666666 0.025 0.05 0.058333333333333334 0.016666666666666666 0.016666666666666666 0.05 0.041666666666666664 0.025 0.025 0.03333333333333333 0.03333333333333333 0.016666666666666666 0.125 0.025 0.03333333333333333 0.03333333333333333 0.03333333333333333 0.025 0.041666666666666664 0.041666666666666664 0.03333333333333333 
0.0091324200913242 0.0091324200913242 0.0091324200913242 0.7351598173515982 0.0136986301369863 0.0091324200913242 0.0091324200913242 0.0136986301369863 0.0091324200913242 0.0182648401826484 0.0091324200913242 0.0091324200913242 0.0091324200913242 0.0091324200913242 0.0091324200913242 0.0273972602739726 0.0091324200913242 0.0091324200913242 0.0091324200913242 0.0136986301369863 0.0091324200913242 0.0091324200913242 0.0091324200913242 0.0136986301369863 0.0091324200913242 
0.06756756756756757 0.05405405405405406 0.02702702702702703 0.02702702702702703 0.02702702702702703 0.08108108108108109 0.02702702702702703 0.02702702702702703 0.05405405405405406 0.02702702702702703 0.02702702702702703 0.02702702702702703 0.02702702702702703 0.05405405405405406 0.04054054054054054 0.04054054054054054 0.02702702702702703 0.02702702702702703 0.02702702702702703 0.02702702702702703 0.04054054054054054 0.04054054054054054 0.08108108108108109 0.05405405405405406 0.04054054054054054 
0.02127659574468085 0.0425531914893617 0.0425531914893617 0.05319148936170213 0.02127659574468085 0.11702127659574468 0.02127659574468085 0.02127659574468085 0.0425531914893617 0.05319148936170213 0.031914893617021274 0.031914893617021274 0.02127659574468085 0.02127659574468085 0.02127659574468085 0.02127659574468085 0.031914893617021274 0.02127659574468085 0.18085106382978725 0.031914893617021274 0.02127659574468085 0.0425531914893617 0.02127659574468085 0.0425531914893617 0.02127659574468085 
0.02727272727272727 0.01818181818181818 0.05454545454545454 0.01818181818181818 0.01818181818181818 0.03636363636363636 0.01818181818181818 0.02727272727272727 0.03636363636363636 0.02727272727272727 0.1 0.01818181818181818 0.03636363636363636 0.02727272727272727 0.02727272727272727 0.01818181818181818 0.02727272727272727 0.02727272727272727 0.2727272727272727 0.03636363636363636 0.02727272727272727 0.02727272727272727 0.01818181818181818 0.01818181818181818 0.03636363636363636 
0.02247191011235955 0.033707865168539325 0.02247191011235955 0.02247191011235955 0.033707865168539325 0.33707865168539325 0.033707865168539325 0.033707865168539325 0.02247191011235955 0.02247191011235955 0.02247191011235955 0.033707865168539325 0.02247191011235955 0.0449438202247191 0.033707865168539325 0.02247191011235955 0.02247191011235955 0.02247191011235955 0.033707865168539325 0.02247191011235955 0.033707865168539325 0.02247191011235955 0.02247191011235955 0.02247191011235955 0.033707865168539325 
0.02631578947368421 0.039473684210526314 0.039473684210526314 0.02631578947368421 0.05263157894736842 0.07894736842105263 0.02631578947368421 0.02631578947368421 0.039473684210526314 0.05263157894736842 0.05263157894736842 0.02631578947368421 0.039473684210526314 0.02631578947368421 0.05263157894736842 0.02631578947368421 0.02631578947368421 0.06578947368421052 0.02631578947368421 0.06578947368421052 0.039473684210526314 0.039473684210526314 0.02631578947368421 0.05263157894736842 0.02631578947368421 
0.036036036036036036 0.03153153153153153 0.018018018018018018 0.009009009009009009 0.013513513513513514 0.009009009009009009 0.009009009009009009 0.4099099099099099 0.009009009009009009 0.013513513513513514 0.02702702702702703 0.009009009009009009 0.02702702702702703 0.013513513513513514 0.018018018018018018 0.009009009009009009 0.018018018018018018 0.009009009009009009 0.08108108108108109 0.04504504504504504 0.018018018018018018 0.013513513513513514 0.018018018018018018 0.09009009009009009 0.04504504504504504 
0.031746031746031744 0.031746031746031744 0.031746031746031744 0.031746031746031744 0.06349206349206349 0.031746031746031744 0.031746031746031744 0.031746031746031744 0.06349206349206349 0.047619047619047616 0.047619047619047616 0.031746031746031744 0.06349206349206349 0.047619047619047616 0.031746031746031744 0.031746031746031744 0.031746031746031744 0.031746031746031744 0.047619047619047616 0.047619047619047616 0.031746031746031744 0.031746031746031744 0.031746031746031744 0.06349206349206349 0.031746031746031744 
0.04854368932038835 0.05825242718446602 0.019417475728155338 0.019417475728155338 0.02912621359223301 0.10679611650485436 0.06796116504854369 0.019417475728155338 0.038834951456310676 0.019417475728155338 0.038834951456310676 0.02912621359223301 0.019417475728155338 0.02912621359223301 0.06796116504854369 0.019417475728155338 0.038834951456310676 0.019417475728155338 0.14563106796116504 0.019417475728155338 0.019417475728155338 0.02912621359223301 0.02912621359223301 0.04854368932038835 0.019417475728155338 
0.006006006006006006 0.006006006006006006 0.006006006006006006 0.009009009009009009 0.006006006006006006 0.012012012012012012 0.009009009009009009 0.006006006006006006 0.015015015015015015 0.006006006006006006 0.012012012012012012 0.006006006006006006 0.006006006006006006 0.006006006006006006 0.006006006006006006 0.006006006006006006 0.006006006006006006 0.006006006006006006 0.006006006006006006 0.8288288288288288 0.006006006006006006 0.006006006006006006 0.006006006006006006 0.006006006006006006 0.006006006006006006 
0.003316749585406302 0.013266998341625208 0.004975124378109453 0.01990049751243781 0.13598673300165837 0.006633499170812604 0.004975124378109453 0.5704809286898839 0.01990049751243781 0.003316749585406302 0.01658374792703151 0.03150912106135987 0.008291873963515755 0.004975124378109453 0.013266998341625208 0.05306799336650083 0.008291873963515755 0.008291873963515755 0.006633499170812604 0.004975124378109453 0.006633499170812604 0.01658374792703151 0.008291873963515755 0.004975124378109453 0.024875621890547265 
0.012903225806451613 0.01935483870967742 0.01935483870967742 0.012903225806451613 0.01935483870967742 0.01935483870967742 0.08387096774193549 0.4 0.01935483870967742 0.012903225806451613 0.01935483870967742 0.012903225806451613 0.012903225806451613 0.04516129032258064 0.025806451612903226 0.01935483870967742 0.025806451612903226 0.01935483870967742 0.012903225806451613 0.01935483870967742 0.012903225806451613 0.07096774193548387 0.03225806451612903 0.03870967741935484 0.012903225806451613 
0.042105263157894736 0.031578947368421054 0.021052631578947368 0.021052631578947368 0.031578947368421054 0.11578947368421053 0.031578947368421054 0.031578947368421054 0.021052631578947368 0.031578947368421054 0.06315789473684211 0.06315789473684211 0.031578947368421054 0.031578947368421054 0.031578947368421054 0.031578947368421054 0.11578947368421053 0.021052631578947368 0.042105263157894736 0.021052631578947368 0.042105263157894736 0.031578947368421054 0.031578947368421054 0.042105263157894736 0.021052631578947368 
0.02459016393442623 0.02459016393442623 0.01639344262295082 0.03278688524590164 0.02459016393442623 0.01639344262295082 0.02459016393442623 0.36065573770491804 0.02459016393442623 0.02459016393442623 0.01639344262295082 0.01639344262295082 0.02459016393442623 0.02459016393442623 0.040983606557377046 0.01639344262295082 0.01639344262295082 0.01639344262295082 0.05737704918032787 0.01639344262295082 0.01639344262295082 0.01639344262295082 0.02459016393442623 0.05737704918032787 0.06557377049180328 
0.020833333333333332 0.010416666666666666 0.010416666666666666 0.010416666666666666 0.015625 0.015625 0.041666666666666664 0.010416666666666666 0.020833333333333332 0.015625 0.015625 0.015625 0.010416666666666666 0.026041666666666668 0.010416666666666666 0.010416666666666666 0.015625 0.010416666666666666 0.041666666666666664 0.015625 0.015625 0.020833333333333332 0.010416666666666666 0.010416666666666666 0.5989583333333334 
0.015625 0.0234375 0.0234375 0.015625 0.015625 0.03125 0.0390625 0.0234375 0.015625 0.015625 0.03125 0.015625 0.015625 0.015625 0.390625 0.015625 0.015625 0.015625 0.046875 0.0234375 0.0234375 0.03125 0.0234375 0.0234375 0.09375 
0.03508771929824561 0.05263157894736842 0.03508771929824561 0.03508771929824561 0.03508771929824561 0.03508771929824561 0.03508771929824561 0.03508771929824561 0.05263157894736842 0.03508771929824561 0.05263157894736842 0.03508771929824561 0.03508771929824561 0.05263157894736842 0.05263157894736842 0.03508771929824561 0.03508771929824561 0.03508771929824561 0.03508771929824561 0.03508771929824561 0.03508771929824561 0.03508771929824561 0.03508771929824561 0.07017543859649122 0.03508771929824561 
0.024096385542168676 0.03614457831325301 0.024096385542168676 0.024096385542168676 0.07228915662650602 0.03614457831325301 0.03614457831325301 0.03614457831325301 0.03614457831325301 0.03614457831325301 0.04819277108433735 0.03614457831325301 0.060240963855421686 0.03614457831325301 0.024096385542168676 0.03614457831325301 0.04819277108433735 0.024096385542168676 0.024096385542168676 0.0963855421686747 0.03614457831325301 0.03614457831325301 0.04819277108433735 0.024096385542168676 0.060240963855421686 
0.037037037037037035 0.16296296296296298 0.044444444444444446 0.022222222222222223 0.014814814814814815 0.022222222222222223 0.037037037037037035 0.014814814814814815 0.022222222222222223 0.044444444444444446 0.1037037037037037 0.02962962962962963 0.037037037037037035 0.037037037037037035 0.044444444444444446 0.014814814814814815 0.022222222222222223 0.02962962962962963 0.08148148148148149 0.037037037037037035 0.037037037037037035 0.02962962962962963 0.02962962962962963 0.022222222222222223 0.022222222222222223 
0.021505376344086023 0.043010752688172046 0.021505376344086023 0.021505376344086023 0.021505376344086023 0.03225806451612903 0.021505376344086023 0.021505376344086023 0.021505376344086023 0.043010752688172046 0.021505376344086023 0.03225806451612903 0.03225806451612903 0.021505376344086023 0.021505376344086023 0.021505376344086023 0.3010752688172043 0.03225806451612903 0.021505376344086023 0.021505376344086023 0.021505376344086023 0.053763440860215055 0.021505376344086023 0.07526881720430108 0.03225806451612903 
0.028089887640449437 0.028089887640449437 0.028089887640449437 0.02247191011235955 0.028089887640449437 0.0898876404494382 0.02247191011235955 0.016853932584269662 0.02247191011235955 0.028089887640449437 0.016853932584269662 0.03932584269662921 0.033707865168539325 0.06741573033707865 0.016853932584269662 0.02247191011235955 0.02247191011235955 0.011235955056179775 0.15168539325842698 0.056179775280898875 0.03932584269662921 0.05056179775280899 0.016853932584269662 0.12921348314606743 0.011235955056179775 
0.12941176470588237 0.08529411764705883 0.026470588235294117 0.0058823529411764705 0.0058823529411764705 0.03823529411764706 0.01764705882352941 0.058823529411764705 0.03823529411764706 0.05 0.008823529411764706 0.03823529411764706 0.029411764705882353 0.0058823529411764705 0.03529411764705882 0.014705882352941176 0.01764705882352941 0.09411764705882353 0.061764705882352944 0.058823529411764705 0.014705882352941176 0.041176470588235294 0.008823529411764706 0.07647058823529412 0.03823529411764706 
0.02877697841726619 0.1079136690647482 0.014388489208633094 0.014388489208633094 0.05755395683453238 0.014388489208633094 0.04316546762589928 0.02158273381294964 0.014388489208633094 0.06474820143884892 0.04316546762589928 0.03597122302158273 0.12949640287769784 0.014388489208633094 0.06474820143884892 0.02158273381294964 0.02158273381294964 0.014388489208633094 0.1366906474820144 0.02158273381294964 0.02158273381294964 0.02158273381294964 0.02158273381294964 0.02877697841726619 0.02158273381294964 
0.013986013986013986 0.013986013986013986 0.013986013986013986 0.013986013986013986 0.013986013986013986 0.027972027972027972 0.6293706293706294 0.013986013986013986 0.013986013986013986 0.013986013986013986 0.02097902097902098 0.02097902097902098 0.013986013986013986 0.013986013986013986 0.013986013986013986 0.013986013986013986 0.013986013986013986 0.013986013986013986 0.013986013986013986 0.013986013986013986 0.013986013986013986 0.013986013986013986 0.013986013986013986 0.02097902097902098 0.013986013986013986 
0.01904761904761905 0.01904761904761905 0.02857142857142857 0.01904761904761905 0.02857142857142857 0.047619047619047616 0.05714285714285714 0.02857142857142857 0.01904761904761905 0.01904761904761905 0.20952380952380953 0.02857142857142857 0.02857142857142857 0.01904761904761905 0.01904761904761905 0.01904761904761905 0.06666666666666667 0.02857142857142857 0.047619047619047616 0.05714285714285714 0.0380952380952381 0.047619047619047616 0.02857142857142857 0.01904761904761905 0.05714285714285714 
0.007547169811320755 0.007547169811320755 0.007547169811320755 0.01509433962264151 0.011320754716981131 0.018867924528301886 0.07169811320754717 0.022641509433962263 0.045283018867924525 0.011320754716981131 0.018867924528301886 0.018867924528301886 0.007547169811320755 0.011320754716981131 0.011320754716981131 0.4528301886792453 0.1320754716981132 0.011320754716981131 0.033962264150943396 0.01509433962264151 0.01509433962264151 0.007547169811320755 0.007547169811320755 0.026415094339622643 0.011320754716981131 
0.3841059602649007 0.026490066225165563 0.013245033112582781 0.026490066225165563 0.013245033112582781 0.06622516556291391 0.019867549668874173 0.013245033112582781 0.013245033112582781 0.033112582781456956 0.013245033112582781 0.039735099337748346 0.013245033112582781 0.013245033112582781 0.019867549668874173 0.013245033112582781 0.019867549668874173 0.013245033112582781 0.06622516556291391 0.013245033112582781 0.026490066225165563 0.019867549668874173 0.026490066225165563 0.052980132450331126 0.039735099337748346 
0.0034482758620689655 0.00603448275862069 0.0017241379310344827 0.002586206896551724 0.002586206896551724 0.007758620689655172 0.0034482758620689655 0.002586206896551724 0.004310344827586207 0.0034482758620689655 0.004310344827586207 0.8801724137931034 0.0017241379310344827 0.002586206896551724 0.005172413793103448 0.002586206896551724 0.00603448275862069 0.002586206896551724 0.026724137931034484 0.007758620689655172 0.004310344827586207 0.0034482758620689655 0.0017241379310344827 0.006896551724137931 0.00603448275862069 
0.018518518518518517 0.16666666666666666 0.018518518518518517 0.018518518518518517 0.06481481481481481 0.018518518518518517 0.1111111111111111 0.018518518518518517 0.018518518518518517 0.018518518518518517 0.046296296296296294 0.027777777777777776 0.037037037037037035 0.037037037037037035 0.037037037037037035 0.027777777777777776 0.018518518518518517 0.018518518518518517 0.06481481481481481 0.027777777777777776 0.08333333333333333 0.027777777777777776 0.027777777777777776 0.018518518518518517 0.027777777777777776 
0.33663366336633666 0.019801980198019802 0.019801980198019802 0.0297029702970297 0.019801980198019802 0.0297029702970297 0.019801980198019802 0.019801980198019802 0.039603960396039604 0.0594059405940594 0.019801980198019802 0.04950495049504951 0.0297029702970297 0.019801980198019802 0.039603960396039604 0.019801980198019802 0.019801980198019802 0.019801980198019802 0.04950495049504951 0.0297029702970297 0.0297029702970297 0.019801980198019802 0.019801980198019802 0.019801980198019802 0.019801980198019802 
0.0091324200913242 0.0091324200913242 0.0091324200913242 0.7488584474885844 0.0136986301369863 0.0091324200913242 0.0091324200913242 0.0091324200913242 0.0091324200913242 0.0091324200913242 0.0091324200913242 0.0136986301369863 0.0091324200913242 0.0091324200913242 0.0091324200913242 0.0182648401826484 0.0091324200913242 0.0091324200913242 0.0182648401826484 0.0091324200913242 0.0091324200913242 0.0091324200913242 0.0136986301369863 0.0091324200913242 0.0091324200913242 
0.0660377358490566 0.0660377358490566 0.03773584905660377 0.018867924528301886 0.018867924528301886 0.03773584905660377 0.02830188679245283 0.018867924528301886 0.018867924528301886 0.018867924528301886 0.02830188679245283 0.07547169811320754 0.02830188679245283 0.018867924528301886 0.03773584905660377 0.03773584905660377 0.16037735849056603 0.04716981132075472 0.018867924528301886 0.05660377358490566 0.02830188679245283 0.018867924528301886 0.02830188679245283 0.02830188679245283 0.05660377358490566 
0.02702702702702703 0.02702702702702703 0.02702702702702703 0.02702702702702703 0.04054054054054054 0.12162162162162163 0.04054054054054054 0.02702702702702703 0.02702702702702703 0.06756756756756757 0.04054054054054054 0.04054054054054054 0.02702702702702703 0.04054054054054054 0.08108108108108109 0.02702702702702703 0.04054054054054054 0.04054054054054054 0.02702702702702703 0.02702702702702703 0.02702702702702703 0.02702702702702703 0.05405405405405406 0.04054054054054054 0.02702702702702703 
0.005412719891745603 0.005412719891745603 0.0027063599458728013 0.018944519621109608 0.0040595399188092015 0.013531799729364006 0.0040595399188092015 0.0027063599458728013 0.005412719891745603 0.005412719891745603 0.006765899864682003 0.006765899864682003 0.0027063599458728013 0.7686062246278755 0.006765899864682003 0.07713125845737483 0.0040595399188092015 0.0027063599458728013 0.02029769959404601 0.0027063599458728013 0.005412719891745603 0.012178619756427604 0.0040595399188092015 0.009472259810554804 0.0027063599458728013 
0.04782608695652174 0.030434782608695653 0.008695652173913044 0.017391304347826087 0.017391304347826087 0.02608695652173913 0.008695652173913044 0.008695652173913044 0.017391304347826087 0.030434782608695653 0.017391304347826087 0.021739130434782608 0.017391304347826087 0.013043478260869565 0.3869565217391304 0.008695652173913044 0.02608695652173913 0.013043478260869565 0.1391304347826087 0.0391304347826087 0.021739130434782608 0.021739130434782608 0.017391304347826087 0.008695652173913044 0.034782608695652174 
0.14606741573033707 0.033707865168539325 0.02247191011235955 0.033707865168539325 0.02247191011235955 0.033707865168539325 0.056179775280898875 0.02247191011235955 0.0449438202247191 0.02247191011235955 0.0449438202247191 0.02247191011235955 0.033707865168539325 0.06741573033707865 0.033707865168539325 0.02247191011235955 0.02247191011235955 0.02247191011235955 0.11235955056179775 0.0449438202247191 0.033707865168539325 0.02247191011235955 0.02247191011235955 0.02247191011235955 0.033707865168539325 
0.013850415512465374 0.01662049861495845 0.013850415512465374 0.00554016620498615 0.0110803324099723 0.0110803324099723 0.0110803324099723 0.0110803324099723 0.008310249307479225 0.019390581717451522 0.00554016620498615 0.008310249307479225 0.008310249307479225 0.00554016620498615 0.01662049861495845 0.00554016620498615 0.008310249307479225 0.008310249307479225 0.0110803324099723 0.024930747922437674 0.00554016620498615 0.7229916897506925 0.00554016620498615 0.008310249307479225 0.0332409972299169 
0.011363636363636364 0.011363636363636364 0.011363636363636364 0.011363636363636364 0.011363636363636364 0.011363636363636364 0.011363636363636364 0.011363636363636364 0.011363636363636364 0.011363636363636364 0.011363636363636364 0.011363636363636364 0.011363636363636364 0.011363636363636364 0.011363636363636364 0.011363636363636364 0.011363636363636364 0.011363636363636364 0.011363636363636364 0.017045454545454544 0.011363636363636364 0.017045454545454544 0.011363636363636364 0.017045454545454544 0.7102272727272727 
0.07142857142857142 0.02040816326530612 0.02040816326530612 0.02040816326530612 0.02040816326530612 0.1326530612244898 0.02040816326530612 0.030612244897959183 0.04081632653061224 0.02040816326530612 0.02040816326530612 0.04081632653061224 0.02040816326530612 0.030612244897959183 0.030612244897959183 0.02040816326530612 0.08163265306122448 0.05102040816326531 0.09183673469387756 0.02040816326530612 0.030612244897959183 0.04081632653061224 0.02040816326530612 0.07142857142857142 0.030612244897959183 
0.06666666666666667 0.037037037037037035 0.014814814814814815 0.014814814814814815 0.014814814814814815 0.06666666666666667 0.014814814814814815 0.037037037037037035 0.037037037037037035 0.037037037037037035 0.022222222222222223 0.02962962962962963 0.02962962962962963 0.02962962962962963 0.07407407407407407 0.022222222222222223 0.06666666666666667 0.014814814814814815 0.1259259259259259 0.05185185185185185 0.02962962962962963 0.037037037037037035 0.02962962962962963 0.08148148148148149 0.014814814814814815 
0.3525641025641026 0.019230769230769232 0.019230769230769232 0.01282051282051282 0.01282051282051282 0.08333333333333333 0.019230769230769232 0.019230769230769232 0.04487179487179487 0.03205128205128205 0.03205128205128205 0.019230769230769232 0.01282051282051282 0.01282051282051282 0.03205128205128205 0.01282051282051282 0.02564102564102564 0.01282051282051282 0.02564102564102564 0.05128205128205128 0.019230769230769232 0.03205128205128205 0.019230769230769232 0.038461538461538464 0.038461538461538464 
0.08366533864541832 0.01195219123505976 0.01195219123505976 0.035856573705179286 0.035856573705179286 0.043824701195219126 0.04780876494023904 0.027888446215139442 0.0199203187250996 0.0398406374501992 0.0398406374501992 0.02390438247011952 0.01593625498007968 0.02390438247011952 0.03187250996015936 0.23904382470119523 0.01195219123505976 0.01593625498007968 0.06772908366533864 0.05179282868525897 0.027888446215139442 0.0199203187250996 0.027888446215139442 0.02390438247011952 0.0199203187250996 
0.045454545454545456 0.022727272727272728 0.022727272727272728 0.022727272727272728 0.022727272727272728 0.03409090909090909 0.056818181818181816 0.022727272727272728 0.022727272727272728 0.03409090909090909 0.022727272727272728 0.022727272727272728 0.022727272727272728 0.056818181818181816 0.03409090909090909 0.03409090909090909 0.045454545454545456 0.09090909090909091 0.056818181818181816 0.056818181818181816 0.03409090909090909 0.022727272727272728 0.022727272727272728 0.125 0.045454545454545456 
0.05172413793103448 0.02586206896551724 0.02586206896551724 0.017241379310344827 0.017241379310344827 0.12931034482758622 0.017241379310344827 0.034482758620689655 0.017241379310344827 0.02586206896551724 0.04310344827586207 0.034482758620689655 0.017241379310344827 0.02586206896551724 0.034482758620689655 0.017241379310344827 0.017241379310344827 0.017241379310344827 0.19827586206896552 0.017241379310344827 0.04310344827586207 0.02586206896551724 0.02586206896551724 0.05172413793103448 0.06896551724137931 
0.02097902097902098 0.013986013986013986 0.013986013986013986 0.013986013986013986 0.013986013986013986 0.02097902097902098 0.6083916083916084 0.013986013986013986 0.013986013986013986 0.013986013986013986 0.02097902097902098 0.013986013986013986 0.013986013986013986 0.013986013986013986 0.013986013986013986 0.013986013986013986 0.027972027972027972 0.013986013986013986 0.02097902097902098 0.013986013986013986 0.013986013986013986 0.013986013986013986 0.02097902097902098 0.02097902097902098 0.013986013986013986 
0.039473684210526314 0.046052631578947366 0.013157894736842105 0.03289473684210526 0.019736842105263157 0.06578947368421052 0.08552631578947369 0.019736842105263157 0.013157894736842105 0.039473684210526314 0.05921052631578947 0.07236842105263158 0.02631578947368421 0.03289473684210526 0.019736842105263157 0.013157894736842105 0.06578947368421052 0.013157894736842105 0.039473684210526314 0.05263157894736842 0.013157894736842105 0.02631578947368421 0.03289473684210526 0.11842105263157894 0.039473684210526314 
0.019417475728155338 0.019417475728155338 0.019417475728155338 0.10679611650485436 0.019417475728155338 0.13592233009708737 0.038834951456310676 0.02912621359223301 0.08737864077669903 0.038834951456310676 0.019417475728155338 0.06796116504854369 0.02912621359223301 0.02912621359223301 0.04854368932038835 0.019417475728155338 0.019417475728155338 0.019417475728155338 0.02912621359223301 0.038834951456310676 0.04854368932038835 0.019417475728155338 0.019417475728155338 0.05825242718446602 0.019417475728155338 
0.027522935779816515 0.01834862385321101 0.01834862385321101 0.027522935779816515 0.01834862385321101 0.027522935779816515 0.01834862385321101 0.01834862385321101 0.01834862385321101 0.03669724770642202 0.027522935779816515 0.027522935779816515 0.01834862385321101 0.027522935779816515 0.027522935779816515 0.027522935779816515 0.01834862385321101 0.01834862385321101 0.027522935779816515 0.03669724770642202 0.01834862385321101 0.01834862385321101 0.42201834862385323 0.01834862385321101 0.03669724770642202 
0.021505376344086023 0.053763440860215055 0.021505376344086023 0.021505376344086023 0.03225806451612903 0.07526881720430108 0.03225806451612903 0.03225806451612903 0.03225806451612903 0.03225806451612903 0.03225806451612903 0.03225806451612903 0.03225806451612903 0.03225806451612903 0.03225806451612903 0.03225806451612903 0.021505376344086023 0.021505376344086023 0.1827956989247312 0.03225806451612903 0.053763440860215055 0.03225806451612903 0.06451612903225806 0.021505376344086023 0.021505376344086023 
0.02857142857142857 0.047619047619047616 0.01904761904761905 0.0380952380952381 0.047619047619047616 0.0380952380952381 0.0761904761904762 0.01904761904761905 0.05714285714285714 0.10476190476190476 0.02857142857142857 0.01904761904761905 0.02857142857142857 0.02857142857142857 0.0380952380952381 0.01904761904761905 0.047619047619047616 0.02857142857142857 0.06666666666666667 0.01904761904761905 0.02857142857142857 0.0761904761904762 0.02857142857142857 0.0380952380952381 0.02857142857142857 
0.04375 0.05625 0.03125 0.01875 0.0125 0.10625 0.0625 0.025 0.03125 0.025 0.01875 0.03125 0.01875 0.025 0.05 0.0125 0.0625 0.01875 0.05 0.04375 0.0125 0.0125 0.03125 0.13125 0.06875 
0.028901734104046242 0.11560693641618497 0.017341040462427744 0.011560693641618497 0.017341040462427744 0.046242774566473986 0.017341040462427744 0.07514450867052024 0.023121387283236993 0.023121387283236993 0.04046242774566474 0.03468208092485549 0.011560693641618497 0.04046242774566474 0.06936416184971098 0.011560693641618497 0.03468208092485549 0.03468208092485549 0.11560693641618497 0.04046242774566474 0.03468208092485549 0.03468208092485549 0.017341040462427744 0.046242774566473986 0.057803468208092484 
0.05434782608695652 0.021739130434782608 0.021739130434782608 0.021739130434782608 0.043478260869565216 0.15217391304347827 0.021739130434782608 0.021739130434782608 0.021739130434782608 0.021739130434782608 0.021739130434782608 0.021739130434782608 0.03260869565217391 0.03260869565217391 0.043478260869565216 0.03260869565217391 0.03260869565217391 0.03260869565217391 0.11956521739130435 0.021739130434782608 0.021739130434782608 0.043478260869565216 0.043478260869565216 0.021739130434782608 0.07608695652173914 
0.04918032786885246 0.03278688524590164 0.01092896174863388 0.01639344262295082 0.0273224043715847 0.060109289617486336 0.0273224043715847 0.0273224043715847 0.02185792349726776 0.1366120218579235 0.03278688524590164 0.0273224043715847 0.04371584699453552 0.01639344262295082 0.01639344262295082 0.01092896174863388 0.06557377049180328 0.01092896174863388 0.06557377049180328 0.03278688524590164 0.03278688524590164 0.08743169398907104 0.04918032786885246 0.060109289617486336 0.03825136612021858 
0.04201680672268908 0.04201680672268908 0.025210084033613446 0.025210084033613446 0.01680672268907563 0.058823529411764705 0.025210084033613446 0.01680672268907563 0.03361344537815126 0.03361344537815126 0.04201680672268908 0.06722689075630252 0.03361344537815126 0.01680672268907563 0.05042016806722689 0.025210084033613446 0.058823529411764705 0.025210084033613446 0.10084033613445378 0.03361344537815126 0.025210084033613446 0.04201680672268908 0.1092436974789916 0.03361344537815126 0.01680672268907563 
0.023809523809523808 0.03571428571428571 0.023809523809523808 0.023809523809523808 0.023809523809523808 0.38095238095238093 0.023809523809523808 0.023809523809523808 0.023809523809523808 0.023809523809523808 0.03571428571428571 0.023809523809523808 0.023809523809523808 0.023809523809523808 0.023809523809523808 0.023809523809523808 0.023809523809523808 0.023809523809523808 0.03571428571428571 0.023809523809523808 0.023809523809523808 0.03571428571428571 0.023809523809523808 0.023809523809523808 0.023809523809523808 
0.022222222222222223 0.05555555555555555 0.03333333333333333 0.044444444444444446 0.022222222222222223 0.03333333333333333 0.022222222222222223 0.022222222222222223 0.044444444444444446 0.08888888888888889 0.022222222222222223 0.05555555555555555 0.08888888888888889 0.044444444444444446 0.03333333333333333 0.03333333333333333 0.022222222222222223 0.022222222222222223 0.05555555555555555 0.03333333333333333 0.022222222222222223 0.044444444444444446 0.05555555555555555 0.044444444444444446 0.03333333333333333 
0.05405405405405406 0.04054054054054054 0.04054054054054054 0.04054054054054054 0.02702702702702703 0.02702702702702703 0.05405405405405406 0.02702702702702703 0.04054054054054054 0.0945945945945946 0.02702702702702703 0.04054054054054054 0.04054054054054054 0.02702702702702703 0.04054054054054054 0.02702702702702703 0.05405405405405406 0.05405405405405406 0.04054054054054054 0.05405405405405406 0.02702702702702703 0.02702702702702703 0.02702702702702703 0.02702702702702703 0.04054054054054054 
0.061224489795918366 0.04081632653061224 0.030612244897959183 0.02040816326530612 0.061224489795918366 0.061224489795918366 0.02040816326530612 0.02040816326530612 0.04081632653061224 0.04081632653061224 0.030612244897959183 0.10204081632653061 0.02040816326530612 0.05102040816326531 0.02040816326530612 0.02040816326530612 0.02040816326530612 0.04081632653061224 0.030612244897959183 0.02040816326530612 0.030612244897959183 0.04081632653061224 0.05102040816326531 0.08163265306122448 0.04081632653061224 
0.023809523809523808 0.047619047619047616 0.03571428571428571 0.023809523809523808 0.03571428571428571 0.03571428571428571 0.03571428571428571 0.023809523809523808 0.023809523809523808 0.03571428571428571 0.047619047619047616 0.03571428571428571 0.047619047619047616 0.03571428571428571 0.05952380952380952 0.03571428571428571 0.03571428571428571 0.047619047619047616 0.07142857142857142 0.03571428571428571 0.023809523809523808 0.023809523809523808 0.05952380952380952 0.08333333333333333 0.03571428571428571 
0.017699115044247787 0.017699115044247787 0.022123893805309734 0.017699115044247787 0.01327433628318584 0.030973451327433628 0.035398230088495575 0.008849557522123894 0.01327433628318584 0.05752212389380531 0.035398230088495575 0.03982300884955752 0.42920353982300885 0.01327433628318584 0.008849557522123894 0.008849557522123894 0.017699115044247787 0.008849557522123894 0.05752212389380531 0.035398230088495575 0.02654867256637168 0.02654867256637168 0.01327433628318584 0.022123893805309734 0.022123893805309734 
0.05660377358490566 0.08490566037735849 0.02830188679245283 0.018867924528301886 0.04716981132075472 0.0660377358490566 0.03773584905660377 0.03773584905660377 0.02830188679245283 0.04716981132075472 0.018867924528301886 0.018867924528301886 0.03773584905660377 0.02830188679245283 0.02830188679245283 0.018867924528301886 0.02830188679245283 0.02830188679245283 0.0660377358490566 0.02830188679245283 0.0660377358490566 0.04716981132075472 0.02830188679245283 0.08490566037735849 0.018867924528301886 
0.011363636363636364 0.011363636363636364 0.011363636363636364 0.011363636363636364 0.011363636363636364 0.011363636363636364 0.017045454545454544 0.011363636363636364 0.011363636363636364 0.011363636363636364 0.017045454545454544 0.011363636363636364 0.011363636363636364 0.017045454545454544 0.011363636363636364 0.011363636363636364 0.011363636363636364 0.017045454545454544 0.011363636363636364 0.011363636363636364 0.011363636363636364 0.011363636363636364 0.011363636363636364 0.011363636363636364 0.7045454545454546 
0.013986013986013986 0.013986013986013986 0.027972027972027972 0.02097902097902098 0.04895104895104895 0.02097902097902098 0.027972027972027972 0.02097902097902098 0.013986013986013986 0.03496503496503497 0.02097902097902098 0.02097902097902098 0.06293706293706294 0.04895104895104895 0.013986013986013986 0.013986013986013986 0.027972027972027972 0.013986013986013986 0.04195804195804196 0.027972027972027972 0.02097902097902098 0.027972027972027972 0.3776223776223776 0.02097902097902098 0.013986013986013986 
0.029411764705882353 0.029411764705882353 0.029411764705882353 0.029411764705882353 0.029411764705882353 0.029411764705882353 0.029411764705882353 0.029411764705882353 0.04411764705882353 0.16176470588235295 0.029411764705882353 0.04411764705882353 0.029411764705882353 0.029411764705882353 0.029411764705882353 0.029411764705882353 0.029411764705882353 0.029411764705882353 0.058823529411764705 0.04411764705882353 0.029411764705882353 0.029411764705882353 0.029411764705882353 0.058823529411764705 0.058823529411764705 
0.075 0.016666666666666666 0.025 0.03333333333333333 0.016666666666666666 0.016666666666666666 0.1 0.05 0.025 0.016666666666666666 0.025 0.025 0.016666666666666666 0.016666666666666666 0.041666666666666664 0.016666666666666666 0.14166666666666666 0.058333333333333334 0.025 0.041666666666666664 0.03333333333333333 0.025 0.041666666666666664 0.075 0.041666666666666664 
0.40487804878048783 0.01951219512195122 0.00975609756097561 0.014634146341463415 0.00975609756097561 0.00975609756097561 0.014634146341463415 0.01951219512195122 0.03414634146341464 0.024390243902439025 0.05853658536585366 0.02926829268292683 0.01951219512195122 0.014634146341463415 0.00975609756097561 0.00975609756097561 0.02926829268292683 0.01951219512195122 0.1024390243902439 0.01951219512195122 0.01951219512195122 0.014634146341463415 0.03414634146341464 0.00975609756097561 0.04878048780487805 
0.041666666666666664 0.0625 0.016666666666666666 0.016666666666666666 0.0125 0.04583333333333333 0.029166666666666667 0.008333333333333333 0.020833333333333332 0.07916666666666666 0.025 0.1125 0.0125 0.008333333333333333 0.05 0.016666666666666666 0.04583333333333333 0.05 0.0625 0.025 0.11666666666666667 0.008333333333333333 0.016666666666666666 0.10416666666666667 0.0125 
0.025 0.025 0.025 0.025 0.0375 0.1125 0.05 0.025 0.05 0.05 0.0375 0.0375 0.025 0.025 0.0375 0.0375 0.0375 0.0375 0.025 0.025 0.025 0.0375 0.0375 0.1 0.05 
0.024096385542168676 0.13253012048192772 0.03614457831325301 0.024096385542168676 0.024096385542168676 0.08433734939759036 0.03614457831325301 0.024096385542168676 0.04819277108433735 0.03614457831325301 0.060240963855421686 0.03614457831325301 0.024096385542168676 0.024096385542168676 0.024096385542168676 0.03614457831325301 0.03614457831325301 0.03614457831325301 0.024096385542168676 0.03614457831325301 0.07228915662650602 0.024096385542168676 0.024096385542168676 0.03614457831325301 0.03614457831325301 
