0.05909090909090909 0.013636363636363636 0.1 0.01818181818181818 0.01818181818181818 0.05454545454545454 0.05909090909090909 0.12727272727272726 0.08181818181818182 0.2 0.03636363636363636 0.04090909090909091 0.013636363636363636 0.02727272727272727 0.05454545454545454 0.07272727272727272 0.022727272727272728 
0.02531645569620253 0.02531645569620253 0.02531645569620253 0.10126582278481013 0.0759493670886076 0.0759493670886076 0.02531645569620253 0.05063291139240506 0.05063291139240506 0.0379746835443038 0.06329113924050633 0.08860759493670886 0.10126582278481013 0.05063291139240506 0.05063291139240506 0.11392405063291139 0.0379746835443038 
0.02564102564102564 0.1282051282051282 0.038461538461538464 0.02564102564102564 0.08974358974358974 0.02564102564102564 0.038461538461538464 0.02564102564102564 0.038461538461538464 0.05128205128205128 0.038461538461538464 0.02564102564102564 0.2948717948717949 0.02564102564102564 0.02564102564102564 0.02564102564102564 0.07692307692307693 
0.030303030303030304 0.06060606060606061 0.06060606060606061 0.06060606060606061 0.10606060606060606 0.07575757575757576 0.045454545454545456 0.030303030303030304 0.030303030303030304 0.030303030303030304 0.12121212121212122 0.030303030303030304 0.030303030303030304 0.06060606060606061 0.06060606060606061 0.030303030303030304 0.13636363636363635 
0.0189873417721519 0.012658227848101266 0.02531645569620253 0.6075949367088608 0.03164556962025317 0.0379746835443038 0.012658227848101266 0.012658227848101266 0.012658227848101266 0.02531645569620253 0.03164556962025317 0.012658227848101266 0.0189873417721519 0.04430379746835443 0.04430379746835443 0.0189873417721519 0.03164556962025317 
0.04819277108433735 0.03614457831325301 0.060240963855421686 0.03614457831325301 0.18072289156626506 0.07228915662650602 0.03614457831325301 0.024096385542168676 0.04819277108433735 0.03614457831325301 0.04819277108433735 0.060240963855421686 0.04819277108433735 0.060240963855421686 0.08433734939759036 0.024096385542168676 0.0963855421686747 
0.0967741935483871 0.06451612903225806 0.04838709677419355 0.03225806451612903 0.03225806451612903 0.06451612903225806 0.03225806451612903 0.03225806451612903 0.12903225806451613 0.04838709677419355 0.03225806451612903 0.06451612903225806 0.03225806451612903 0.11290322580645161 0.11290322580645161 0.03225806451612903 0.03225806451612903 
0.018691588785046728 0.056074766355140186 0.018691588785046728 0.037383177570093455 0.037383177570093455 0.028037383177570093 0.06542056074766354 0.018691588785046728 0.028037383177570093 0.22429906542056074 0.14018691588785046 0.08411214953271028 0.037383177570093455 0.018691588785046728 0.028037383177570093 0.037383177570093455 0.12149532710280374 
0.881619937694704 0.009345794392523364 0.006230529595015576 0.009345794392523364 0.006230529595015576 0.006230529595015576 0.009345794392523364 0.006230529595015576 0.006230529595015576 0.006230529595015576 0.009345794392523364 0.006230529595015576 0.009345794392523364 0.006230529595015576 0.006230529595015576 0.006230529595015576 0.009345794392523364 
0.019230769230769232 0.028846153846153848 0.16346153846153846 0.028846153846153848 0.038461538461538464 0.028846153846153848 0.028846153846153848 0.019230769230769232 0.028846153846153848 0.10576923076923077 0.09615384615384616 0.028846153846153848 0.019230769230769232 0.08653846153846154 0.057692307692307696 0.028846153846153848 0.19230769230769232 
0.8275862068965517 0.009852216748768473 0.009852216748768473 0.009852216748768473 0.019704433497536946 0.009852216748768473 0.009852216748768473 0.009852216748768473 0.009852216748768473 0.009852216748768473 0.009852216748768473 0.009852216748768473 0.009852216748768473 0.009852216748768473 0.009852216748768473 0.014778325123152709 0.009852216748768473 
0.05172413793103448 0.10344827586206896 0.05172413793103448 0.06896551724137931 0.034482758620689655 0.05172413793103448 0.034482758620689655 0.05172413793103448 0.05172413793103448 0.10344827586206896 0.05172413793103448 0.06896551724137931 0.034482758620689655 0.05172413793103448 0.034482758620689655 0.034482758620689655 0.1206896551724138 
0.02564102564102564 0.05128205128205128 0.02564102564102564 0.0641025641025641 0.1794871794871795 0.05128205128205128 0.05128205128205128 0.02564102564102564 0.02564102564102564 0.02564102564102564 0.05128205128205128 0.02564102564102564 0.02564102564102564 0.07692307692307693 0.1282051282051282 0.05128205128205128 0.11538461538461539 
0.0425531914893617 0.02127659574468085 0.031914893617021274 0.09574468085106383 0.2978723404255319 0.06382978723404255 0.02127659574468085 0.0425531914893617 0.02127659574468085 0.0425531914893617 0.031914893617021274 0.031914893617021274 0.031914893617021274 0.02127659574468085 0.0425531914893617 0.05319148936170213 0.10638297872340426 
0.0273972602739726 0.0273972602739726 0.0273972602739726 0.0410958904109589 0.4383561643835616 0.0273972602739726 0.0273972602739726 0.0273972602739726 0.0273972602739726 0.0410958904109589 0.0273972602739726 0.0273972602739726 0.0273972602739726 0.0273972602739726 0.0410958904109589 0.0273972602739726 0.1095890410958904 
0.05 0.03333333333333333 0.05 0.05 0.05 0.03333333333333333 0.03333333333333333 0.03333333333333333 0.03333333333333333 0.06666666666666667 0.08333333333333333 0.16666666666666666 0.05 0.13333333333333333 0.03333333333333333 0.06666666666666667 0.03333333333333333 
0.014563106796116505 0.03398058252427184 0.014563106796116505 0.03398058252427184 0.11650485436893204 0.024271844660194174 0.043689320388349516 0.014563106796116505 0.009708737864077669 0.038834951456310676 0.02912621359223301 0.5194174757281553 0.009708737864077669 0.05339805825242718 0.014563106796116505 0.014563106796116505 0.014563106796116505 
0.0425531914893617 0.06382978723404255 0.0425531914893617 0.0425531914893617 0.0425531914893617 0.0851063829787234 0.06382978723404255 0.0425531914893617 0.0425531914893617 0.10638297872340426 0.0425531914893617 0.06382978723404255 0.06382978723404255 0.06382978723404255 0.0425531914893617 0.0425531914893617 0.10638297872340426 
0.08045977011494253 0.034482758620689655 0.08045977011494253 0.034482758620689655 0.11494252873563218 0.034482758620689655 0.022988505747126436 0.034482758620689655 0.04597701149425287 0.05747126436781609 0.022988505747126436 0.04597701149425287 0.034482758620689655 0.04597701149425287 0.12643678160919541 0.04597701149425287 0.13793103448275862 
0.00946372239747634 0.025236593059936908 0.006309148264984227 0.00946372239747634 0.006309148264984227 0.006309148264984227 0.006309148264984227 0.006309148264984227 0.00946372239747634 0.006309148264984227 0.015772870662460567 0.00946372239747634 0.006309148264984227 0.8264984227129337 0.012618296529968454 0.00946372239747634 0.028391167192429023 
0.0034071550255536627 0.018739352640545145 0.01192504258943782 0.027257240204429302 0.0068143100511073255 0.034071550255536626 0.022146507666098807 0.06984667802385008 0.01192504258943782 0.03236797274275979 0.015332197614991482 0.017035775127768313 0.02385008517887564 0.013628620102214651 0.005110732538330494 0.6780238500851788 0.008517887563884156 
0.02158273381294964 0.014388489208633094 0.050359712230215826 0.02877697841726619 0.014388489208633094 0.02158273381294964 0.014388489208633094 0.02158273381294964 0.02158273381294964 0.05755395683453238 0.1510791366906475 0.014388489208633094 0.050359712230215826 0.014388489208633094 0.02158273381294964 0.4676258992805755 0.014388489208633094 
0.02531645569620253 0.02531645569620253 0.26582278481012656 0.11392405063291139 0.06329113924050633 0.02531645569620253 0.02531645569620253 0.0379746835443038 0.05063291139240506 0.0379746835443038 0.02531645569620253 0.0379746835443038 0.02531645569620253 0.06329113924050633 0.0379746835443038 0.02531645569620253 0.11392405063291139 
0.018867924528301886 0.05660377358490566 0.018867924528301886 0.018867924528301886 0.05660377358490566 0.018867924528301886 0.02830188679245283 0.018867924528301886 0.03773584905660377 0.04716981132075472 0.03773584905660377 0.5283018867924528 0.02830188679245283 0.018867924528301886 0.02830188679245283 0.018867924528301886 0.018867924528301886 
0.011363636363636364 0.6420454545454546 0.011363636363636364 0.011363636363636364 0.022727272727272728 0.028409090909090908 0.028409090909090908 0.011363636363636364 0.022727272727272728 0.028409090909090908 0.022727272727272728 0.017045454545454544 0.017045454545454544 0.028409090909090908 0.017045454545454544 0.03409090909090909 0.045454545454545456 
0.017857142857142856 0.10714285714285714 0.4375 0.044642857142857144 0.03571428571428571 0.017857142857142856 0.017857142857142856 0.017857142857142856 0.017857142857142856 0.03571428571428571 0.03571428571428571 0.026785714285714284 0.017857142857142856 0.026785714285714284 0.0625 0.03571428571428571 0.044642857142857144 
0.07462686567164178 0.05970149253731343 0.04477611940298507 0.04477611940298507 0.029850746268656716 0.07462686567164178 0.029850746268656716 0.029850746268656716 0.029850746268656716 0.029850746268656716 0.04477611940298507 0.23880597014925373 0.029850746268656716 0.13432835820895522 0.029850746268656716 0.029850746268656716 0.04477611940298507 
0.03361344537815126 0.01680672268907563 0.03361344537815126 0.058823529411764705 0.025210084033613446 0.10084033613445378 0.04201680672268908 0.01680672268907563 0.01680672268907563 0.14285714285714285 0.06722689075630252 0.07563025210084033 0.03361344537815126 0.05042016806722689 0.19327731092436976 0.04201680672268908 0.05042016806722689 
0.03896103896103896 0.025974025974025976 0.2597402597402597 0.05194805194805195 0.03896103896103896 0.06493506493506493 0.025974025974025976 0.025974025974025976 0.025974025974025976 0.03896103896103896 0.03896103896103896 0.12987012987012986 0.05194805194805195 0.03896103896103896 0.06493506493506493 0.03896103896103896 0.03896103896103896 
0.030864197530864196 0.037037037037037035 0.04938271604938271 0.05555555555555555 0.17901234567901234 0.043209876543209874 0.018518518518518517 0.030864197530864196 0.018518518518518517 0.1728395061728395 0.024691358024691357 0.09876543209876543 0.06172839506172839 0.037037037037037035 0.037037037037037035 0.018518518518518517 0.08641975308641975 
0.030864197530864196 0.012345679012345678 0.040123456790123455 0.046296296296296294 0.08333333333333333 0.05555555555555555 0.027777777777777776 0.012345679012345678 0.040123456790123455 0.05555555555555555 0.027777777777777776 0.27469135802469136 0.012345679012345678 0.06481481481481481 0.06172839506172839 0.033950617283950615 0.12037037037037036 
0.032520325203252036 0.04065040650406504 0.04065040650406504 0.032520325203252036 0.3008130081300813 0.06504065040650407 0.016260162601626018 0.024390243902439025 0.04878048780487805 0.0975609756097561 0.032520325203252036 0.016260162601626018 0.032520325203252036 0.032520325203252036 0.056910569105691054 0.0975609756097561 0.032520325203252036 
0.015748031496062992 0.023622047244094488 0.015748031496062992 0.015748031496062992 0.023622047244094488 0.015748031496062992 0.015748031496062992 0.015748031496062992 0.015748031496062992 0.015748031496062992 0.7322834645669292 0.015748031496062992 0.015748031496062992 0.015748031496062992 0.015748031496062992 0.015748031496062992 0.015748031496062992 
0.0449438202247191 0.06741573033707865 0.033707865168539325 0.2696629213483146 0.0449438202247191 0.056179775280898875 0.02247191011235955 0.02247191011235955 0.033707865168539325 0.06741573033707865 0.02247191011235955 0.056179775280898875 0.0449438202247191 0.0449438202247191 0.056179775280898875 0.02247191011235955 0.0898876404494382 
0.024096385542168676 0.01606425702811245 0.11244979919678715 0.01606425702811245 0.020080321285140562 0.020080321285140562 0.04819277108433735 0.4578313253012048 0.0321285140562249 0.008032128514056224 0.0642570281124498 0.020080321285140562 0.08835341365461848 0.012048192771084338 0.01606425702811245 0.012048192771084338 0.0321285140562249 
0.022222222222222223 0.0962962962962963 0.02962962962962963 0.02962962962962963 0.14814814814814814 0.02962962962962963 0.022222222222222223 0.022222222222222223 0.05185185185185185 0.044444444444444446 0.014814814814814815 0.13333333333333333 0.037037037037037035 0.022222222222222223 0.02962962962962963 0.022222222222222223 0.24444444444444444 
0.0026223776223776225 0.0026223776223776225 0.0017482517482517483 0.006118881118881119 0.009615384615384616 0.9318181818181818 0.005244755244755245 0.0026223776223776225 0.005244755244755245 0.004370629370629371 0.0034965034965034965 0.0034965034965034965 0.0034965034965034965 0.0026223776223776225 0.006993006993006993 0.0017482517482517483 0.006118881118881119 
0.021739130434782608 0.06521739130434782 0.07608695652173914 0.05434782608695652 0.06521739130434782 0.09782608695652174 0.021739130434782608 0.043478260869565216 0.021739130434782608 0.043478260869565216 0.14130434782608695 0.06521739130434782 0.08695652173913043 0.03260869565217391 0.07608695652173914 0.043478260869565216 0.043478260869565216 
0.03529411764705882 0.03529411764705882 0.023529411764705882 0.023529411764705882 0.4588235294117647 0.07058823529411765 0.023529411764705882 0.023529411764705882 0.08235294117647059 0.03529411764705882 0.023529411764705882 0.023529411764705882 0.023529411764705882 0.03529411764705882 0.023529411764705882 0.023529411764705882 0.03529411764705882 
0.8029556650246306 0.009852216748768473 0.009852216748768473 0.014778325123152709 0.014778325123152709 0.009852216748768473 0.009852216748768473 0.019704433497536946 0.009852216748768473 0.014778325123152709 0.009852216748768473 0.009852216748768473 0.009852216748768473 0.014778325123152709 0.009852216748768473 0.014778325123152709 0.014778325123152709 
0.03333333333333333 0.05555555555555555 0.24444444444444444 0.03333333333333333 0.03333333333333333 0.044444444444444446 0.044444444444444446 0.03333333333333333 0.07777777777777778 0.022222222222222223 0.07777777777777778 0.03333333333333333 0.03333333333333333 0.03333333333333333 0.03333333333333333 0.03333333333333333 0.13333333333333333 
0.034482758620689655 0.05172413793103448 0.06896551724137931 0.08620689655172414 0.06896551724137931 0.06896551724137931 0.034482758620689655 0.05172413793103448 0.05172413793103448 0.034482758620689655 0.05172413793103448 0.06896551724137931 0.034482758620689655 0.034482758620689655 0.06896551724137931 0.034482758620689655 0.15517241379310345 
0.012448132780082987 0.0027662517289073307 0.005532503457814661 0.006915629322268326 0.006915629322268326 0.015214384508990318 0.005532503457814661 0.008298755186721992 0.8879668049792531 0.004149377593360996 0.004149377593360996 0.005532503457814661 0.008298755186721992 0.006915629322268326 0.0027662517289073307 0.009681881051175657 0.006915629322268326 
0.018691588785046728 0.06074766355140187 0.014018691588785047 0.037383177570093455 0.14018691588785046 0.02336448598130841 0.02336448598130841 0.009345794392523364 0.03271028037383177 0.02336448598130841 0.028037383177570093 0.014018691588785047 0.037383177570093455 0.018691588785046728 0.45794392523364486 0.009345794392523364 0.0514018691588785 
0.0273972602739726 0.0273972602739726 0.0273972602739726 0.0547945205479452 0.2602739726027397 0.0684931506849315 0.0273972602739726 0.0273972602739726 0.0821917808219178 0.0684931506849315 0.0410958904109589 0.0547945205479452 0.0273972602739726 0.0547945205479452 0.0410958904109589 0.0410958904109589 0.0684931506849315 
0.011594202898550725 0.03188405797101449 0.7565217391304347 0.011594202898550725 0.011594202898550725 0.005797101449275362 0.005797101449275362 0.005797101449275362 0.017391304347826087 0.005797101449275362 0.02318840579710145 0.03768115942028986 0.005797101449275362 0.02608695652173913 0.017391304347826087 0.008695652173913044 0.017391304347826087 
0.0125 0.76875 0.01875 0.01875 0.025 0.0125 0.0125 0.0125 0.0125 0.0125 0.01875 0.0125 0.0125 0.0125 0.0125 0.0125 0.0125 
0.036585365853658534 0.024390243902439025 0.10975609756097561 0.036585365853658534 0.0975609756097561 0.024390243902439025 0.024390243902439025 0.024390243902439025 0.04878048780487805 0.04878048780487805 0.024390243902439025 0.06097560975609756 0.036585365853658534 0.024390243902439025 0.036585365853658534 0.024390243902439025 0.3170731707317073 
0.01680672268907563 0.01680672268907563 0.08403361344537816 0.07563025210084033 0.11764705882352941 0.03361344537815126 0.025210084033613446 0.025210084033613446 0.025210084033613446 0.09243697478991597 0.05042016806722689 0.10084033613445378 0.10084033613445378 0.09243697478991597 0.05042016806722689 0.03361344537815126 0.058823529411764705 
0.02857142857142857 0.07857142857142857 0.05 0.02857142857142857 0.014285714285714285 0.07142857142857142 0.04285714285714286 0.014285714285714285 0.014285714285714285 0.014285714285714285 0.02857142857142857 0.07142857142857142 0.014285714285714285 0.02857142857142857 0.014285714285714285 0.014285714285714285 0.4714285714285714 
0.02127659574468085 0.029787234042553193 0.029787234042553193 0.01702127659574468 0.05106382978723404 0.05106382978723404 0.05531914893617021 0.3191489361702128 0.02553191489361702 0.0425531914893617 0.05531914893617021 0.07234042553191489 0.029787234042553193 0.03404255319148936 0.10638297872340426 0.00851063829787234 0.05106382978723404 
0.041666666666666664 0.027777777777777776 0.027777777777777776 0.041666666666666664 0.041666666666666664 0.041666666666666664 0.027777777777777776 0.027777777777777776 0.05555555555555555 0.041666666666666664 0.05555555555555555 0.2916666666666667 0.05555555555555555 0.06944444444444445 0.06944444444444445 0.041666666666666664 0.041666666666666664 
0.02 0.06 0.07 0.13 0.17 0.04 0.02 0.02 0.06 0.07 0.03 0.08 0.04 0.06 0.02 0.02 0.09 
0.015748031496062992 0.015748031496062992 0.015748031496062992 0.023622047244094488 0.015748031496062992 0.023622047244094488 0.015748031496062992 0.015748031496062992 0.015748031496062992 0.031496062992125984 0.7007874015748031 0.015748031496062992 0.023622047244094488 0.015748031496062992 0.015748031496062992 0.015748031496062992 0.023622047244094488 
0.03676470588235294 0.051470588235294115 0.022058823529411766 0.058823529411764705 0.014705882352941176 0.04411764705882353 0.014705882352941176 0.014705882352941176 0.051470588235294115 0.0661764705882353 0.08088235294117647 0.2867647058823529 0.029411764705882353 0.0661764705882353 0.029411764705882353 0.029411764705882353 0.10294117647058823 
0.05747126436781609 0.04597701149425287 0.06896551724137931 0.06896551724137931 0.06896551724137931 0.05747126436781609 0.034482758620689655 0.022988505747126436 0.022988505747126436 0.06896551724137931 0.034482758620689655 0.10344827586206896 0.022988505747126436 0.08045977011494253 0.06896551724137931 0.04597701149425287 0.12643678160919541 
0.021505376344086023 0.021505376344086023 0.03225806451612903 0.5268817204301075 0.021505376344086023 0.03225806451612903 0.053763440860215055 0.021505376344086023 0.043010752688172046 0.021505376344086023 0.03225806451612903 0.03225806451612903 0.03225806451612903 0.043010752688172046 0.021505376344086023 0.021505376344086023 0.021505376344086023 
0.06493506493506493 0.025974025974025976 0.025974025974025976 0.03896103896103896 0.24675324675324675 0.03896103896103896 0.06493506493506493 0.025974025974025976 0.03896103896103896 0.03896103896103896 0.03896103896103896 0.03896103896103896 0.025974025974025976 0.05194805194805195 0.09090909090909091 0.025974025974025976 0.11688311688311688 
0.06741573033707865 0.06741573033707865 0.02247191011235955 0.06741573033707865 0.06741573033707865 0.07865168539325842 0.06741573033707865 0.033707865168539325 0.033707865168539325 0.0449438202247191 0.14606741573033707 0.10112359550561797 0.02247191011235955 0.02247191011235955 0.07865168539325842 0.02247191011235955 0.056179775280898875 
0.013888888888888888 0.06944444444444445 0.027777777777777776 0.08333333333333333 0.06944444444444445 0.020833333333333332 0.020833333333333332 0.013888888888888888 0.027777777777777776 0.1736111111111111 0.1111111111111111 0.027777777777777776 0.034722222222222224 0.09722222222222222 0.04861111111111111 0.020833333333333332 0.1388888888888889 
0.025477707006369428 0.08280254777070063 0.050955414012738856 0.03184713375796178 0.10828025477707007 0.06369426751592357 0.05732484076433121 0.012738853503184714 0.025477707006369428 0.044585987261146494 0.012738853503184714 0.2229299363057325 0.03184713375796178 0.06369426751592357 0.05732484076433121 0.012738853503184714 0.09554140127388536 
0.02631578947368421 0.11842105263157894 0.039473684210526314 0.039473684210526314 0.13157894736842105 0.039473684210526314 0.02631578947368421 0.02631578947368421 0.05263157894736842 0.039473684210526314 0.09210526315789473 0.05263157894736842 0.039473684210526314 0.06578947368421052 0.06578947368421052 0.02631578947368421 0.11842105263157894 
0.023952095808383235 0.029940119760479042 0.08982035928143713 0.07784431137724551 0.023952095808383235 0.0718562874251497 0.011976047904191617 0.011976047904191617 0.011976047904191617 0.1497005988023952 0.03592814371257485 0.1317365269461078 0.029940119760479042 0.11377245508982035 0.09580838323353294 0.017964071856287425 0.0718562874251497 
0.02912621359223301 0.02912621359223301 0.05825242718446602 0.06796116504854369 0.1941747572815534 0.06796116504854369 0.02912621359223301 0.019417475728155338 0.10679611650485436 0.07766990291262135 0.038834951456310676 0.05825242718446602 0.04854368932038835 0.06796116504854369 0.02912621359223301 0.019417475728155338 0.05825242718446602 
0.029411764705882353 0.029411764705882353 0.029411764705882353 0.029411764705882353 0.029411764705882353 0.029411764705882353 0.029411764705882353 0.029411764705882353 0.029411764705882353 0.04411764705882353 0.029411764705882353 0.029411764705882353 0.029411764705882353 0.04411764705882353 0.029411764705882353 0.029411764705882353 0.5 
0.06756756756756757 0.12162162162162163 0.05405405405405406 0.14864864864864866 0.05405405405405406 0.02702702702702703 0.04054054054054054 0.04054054054054054 0.06756756756756757 0.05405405405405406 0.04054054054054054 0.06756756756756757 0.02702702702702703 0.02702702702702703 0.0945945945945946 0.02702702702702703 0.04054054054054054 
0.034482758620689655 0.034482758620689655 0.05172413793103448 0.1724137931034483 0.034482758620689655 0.06896551724137931 0.034482758620689655 0.034482758620689655 0.08620689655172414 0.034482758620689655 0.05172413793103448 0.05172413793103448 0.05172413793103448 0.08620689655172414 0.034482758620689655 0.034482758620689655 0.10344827586206896 
0.04878048780487805 0.06097560975609756 0.024390243902439025 0.04878048780487805 0.04878048780487805 0.07317073170731707 0.024390243902439025 0.036585365853658534 0.024390243902439025 0.07317073170731707 0.04878048780487805 0.2682926829268293 0.024390243902439025 0.036585365853658534 0.036585365853658534 0.024390243902439025 0.0975609756097561 
0.04411764705882353 0.04411764705882353 0.029411764705882353 0.058823529411764705 0.07352941176470588 0.058823529411764705 0.058823529411764705 0.029411764705882353 0.04411764705882353 0.11764705882352941 0.07352941176470588 0.11764705882352941 0.058823529411764705 0.058823529411764705 0.058823529411764705 0.029411764705882353 0.04411764705882353 
0.014285714285714285 0.07142857142857142 0.01904761904761905 0.01904761904761905 0.43333333333333335 0.05238095238095238 0.009523809523809525 0.014285714285714285 0.014285714285714285 0.05714285714285714 0.01904761904761905 0.01904761904761905 0.014285714285714285 0.03333333333333333 0.1380952380952381 0.0380952380952381 0.03333333333333333 
0.03333333333333333 0.044444444444444446 0.044444444444444446 0.07777777777777778 0.06666666666666667 0.03333333333333333 0.03333333333333333 0.022222222222222223 0.03333333333333333 0.06666666666666667 0.1111111111111111 0.14444444444444443 0.05555555555555555 0.044444444444444446 0.044444444444444446 0.07777777777777778 0.06666666666666667 
0.0125 0.7875 0.01875 0.0125 0.0125 0.0125 0.0125 0.0125 0.0125 0.0125 0.0125 0.0125 0.0125 0.0125 0.0125 0.0125 0.01875 
0.03937007874015748 0.023622047244094488 0.047244094488188976 0.41732283464566927 0.023622047244094488 0.047244094488188976 0.015748031496062992 0.031496062992125984 0.05511811023622047 0.023622047244094488 0.05511811023622047 0.015748031496062992 0.07086614173228346 0.03937007874015748 0.023622047244094488 0.023622047244094488 0.047244094488188976 
0.038461538461538464 0.09615384615384616 0.07692307692307693 0.11538461538461539 0.057692307692307696 0.07692307692307693 0.057692307692307696 0.038461538461538464 0.057692307692307696 0.038461538461538464 0.038461538461538464 0.07692307692307693 0.038461538461538464 0.057692307692307696 0.057692307692307696 0.038461538461538464 0.038461538461538464 
0.019230769230769232 0.04807692307692308 0.028846153846153848 0.04807692307692308 0.028846153846153848 0.019230769230769232 0.019230769230769232 0.04807692307692308 0.038461538461538464 0.04807692307692308 0.23076923076923078 0.22115384615384615 0.0673076923076923 0.04807692307692308 0.028846153846153848 0.019230769230769232 0.038461538461538464 
0.021164021164021163 0.015873015873015872 0.031746031746031744 0.05291005291005291 0.42328042328042326 0.07936507936507936 0.026455026455026454 0.015873015873015872 0.031746031746031744 0.037037037037037035 0.015873015873015872 0.1164021164021164 0.037037037037037035 0.031746031746031744 0.021164021164021163 0.010582010582010581 0.031746031746031744 
0.008928571428571428 0.03571428571428571 0.049107142857142856 0.08482142857142858 0.03571428571428571 0.08928571428571429 0.03571428571428571 0.017857142857142856 0.013392857142857142 0.125 0.03571428571428571 0.16964285714285715 0.026785714285714284 0.11160714285714286 0.09375 0.03571428571428571 0.03125 
0.03125 0.03125 0.140625 0.03125 0.046875 0.046875 0.03125 0.03125 0.03125 0.078125 0.046875 0.171875 0.046875 0.03125 0.03125 0.046875 0.125 
0.04477611940298507 0.029850746268656716 0.04477611940298507 0.05970149253731343 0.07462686567164178 0.05970149253731343 0.04477611940298507 0.029850746268656716 0.04477611940298507 0.029850746268656716 0.1044776119402985 0.07462686567164178 0.04477611940298507 0.029850746268656716 0.11940298507462686 0.029850746268656716 0.13432835820895522 
0.02586206896551724 0.034482758620689655 0.5603448275862069 0.017241379310344827 0.06896551724137931 0.017241379310344827 0.017241379310344827 0.017241379310344827 0.017241379310344827 0.017241379310344827 0.017241379310344827 0.02586206896551724 0.02586206896551724 0.017241379310344827 0.017241379310344827 0.02586206896551724 0.07758620689655173 
0.0821917808219178 0.0273972602739726 0.0410958904109589 0.0273972602739726 0.2191780821917808 0.136986301369863 0.0410958904109589 0.0273972602739726 0.0410958904109589 0.0273972602739726 0.0273972602739726 0.0547945205479452 0.0410958904109589 0.0821917808219178 0.0410958904109589 0.0273972602739726 0.0547945205479452 
0.029411764705882353 0.08823529411764706 0.04411764705882353 0.029411764705882353 0.04411764705882353 0.07352941176470588 0.029411764705882353 0.029411764705882353 0.029411764705882353 0.08823529411764706 0.029411764705882353 0.1323529411764706 0.14705882352941177 0.07352941176470588 0.058823529411764705 0.029411764705882353 0.04411764705882353 
0.017094017094017096 0.05128205128205128 0.05982905982905983 0.08547008547008547 0.1623931623931624 0.06837606837606838 0.02564102564102564 0.02564102564102564 0.017094017094017096 0.05128205128205128 0.017094017094017096 0.09401709401709402 0.05982905982905983 0.05128205128205128 0.08547008547008547 0.03418803418803419 0.09401709401709402 
0.030303030303030304 0.13636363636363635 0.07575757575757576 0.12121212121212122 0.030303030303030304 0.045454545454545456 0.030303030303030304 0.030303030303030304 0.045454545454545456 0.030303030303030304 0.07575757575757576 0.07575757575757576 0.030303030303030304 0.045454545454545456 0.06060606060606061 0.030303030303030304 0.10606060606060606 
0.031746031746031744 0.031746031746031744 0.031746031746031744 0.031746031746031744 0.06349206349206349 0.031746031746031744 0.1111111111111111 0.031746031746031744 0.07936507936507936 0.06349206349206349 0.06349206349206349 0.06349206349206349 0.031746031746031744 0.047619047619047616 0.19047619047619047 0.031746031746031744 0.06349206349206349 
0.05154639175257732 0.020618556701030927 0.020618556701030927 0.020618556701030927 0.020618556701030927 0.020618556701030927 0.07216494845360824 0.041237113402061855 0.030927835051546393 0.020618556701030927 0.020618556701030927 0.020618556701030927 0.5051546391752577 0.020618556701030927 0.041237113402061855 0.05154639175257732 0.020618556701030927 
0.05555555555555555 0.05555555555555555 0.041666666666666664 0.027777777777777776 0.16666666666666666 0.027777777777777776 0.05555555555555555 0.027777777777777776 0.06944444444444445 0.05555555555555555 0.027777777777777776 0.041666666666666664 0.05555555555555555 0.09722222222222222 0.06944444444444445 0.027777777777777776 0.09722222222222222 
0.02666666666666667 0.02666666666666667 0.09333333333333334 0.12 0.2 0.13333333333333333 0.02666666666666667 0.02666666666666667 0.02666666666666667 0.02666666666666667 0.04 0.02666666666666667 0.04 0.04 0.06666666666666667 0.02666666666666667 0.05333333333333334 
0.0121580547112462 0.02127659574468085 0.0182370820668693 0.015197568389057751 0.06231003039513678 0.0486322188449848 0.041033434650455926 0.43009118541033436 0.013677811550151976 0.025835866261398176 0.0121580547112462 0.08966565349544073 0.09574468085106383 0.007598784194528876 0.06534954407294832 0.010638297872340425 0.030395136778115502 
0.04017857142857143 0.017857142857142856 0.03571428571428571 0.008928571428571428 0.008928571428571428 0.013392857142857142 0.03125 0.49107142857142855 0.017857142857142856 0.008928571428571428 0.013392857142857142 0.15625 0.017857142857142856 0.017857142857142856 0.08035714285714286 0.03125 0.008928571428571428 
0.058333333333333334 0.041666666666666664 0.05 0.058333333333333334 0.10833333333333334 0.025 0.025 0.03333333333333333 0.041666666666666664 0.058333333333333334 0.041666666666666664 0.11666666666666667 0.041666666666666664 0.025 0.15833333333333333 0.025 0.09166666666666666 
0.04225352112676056 0.04225352112676056 0.11267605633802817 0.04225352112676056 0.056338028169014086 0.028169014084507043 0.09859154929577464 0.04225352112676056 0.04225352112676056 0.028169014084507043 0.056338028169014086 0.04225352112676056 0.04225352112676056 0.056338028169014086 0.09859154929577464 0.04225352112676056 0.1267605633802817 
0.02702702702702703 0.060810810810810814 0.02027027027027027 0.05405405405405406 0.18243243243243243 0.06756756756756757 0.033783783783783786 0.02702702702702703 0.04054054054054054 0.04054054054054054 0.04054054054054054 0.0945945945945946 0.013513513513513514 0.04054054054054054 0.060810810810810814 0.0472972972972973 0.14864864864864866 
0.05333333333333334 0.05333333333333334 0.02666666666666667 0.04 0.05333333333333334 0.08 0.04 0.02666666666666667 0.12 0.09333333333333334 0.02666666666666667 0.06666666666666667 0.04 0.04 0.10666666666666667 0.02666666666666667 0.10666666666666667 
0.0125 0.79375 0.0125 0.0125 0.0125 0.01875 0.0125 0.0125 0.0125 0.0125 0.0125 0.0125 0.0125 0.0125 0.0125 0.0125 0.0125 
0.043010752688172046 0.043010752688172046 0.03225806451612903 0.053763440860215055 0.3978494623655914 0.021505376344086023 0.053763440860215055 0.03225806451612903 0.043010752688172046 0.03225806451612903 0.053763440860215055 0.021505376344086023 0.043010752688172046 0.03225806451612903 0.021505376344086023 0.043010752688172046 0.03225806451612903 
0.06451612903225806 0.04838709677419355 0.04838709677419355 0.03225806451612903 0.03225806451612903 0.04838709677419355 0.04838709677419355 0.04838709677419355 0.14516129032258066 0.04838709677419355 0.04838709677419355 0.08064516129032258 0.03225806451612903 0.04838709677419355 0.11290322580645161 0.04838709677419355 0.06451612903225806 
0.034482758620689655 0.05172413793103448 0.034482758620689655 0.1206896551724138 0.08620689655172414 0.05172413793103448 0.034482758620689655 0.05172413793103448 0.034482758620689655 0.05172413793103448 0.034482758620689655 0.08620689655172414 0.05172413793103448 0.034482758620689655 0.1206896551724138 0.05172413793103448 0.06896551724137931 
0.01910828025477707 0.012738853503184714 0.012738853503184714 0.5987261146496815 0.08917197452229299 0.012738853503184714 0.012738853503184714 0.012738853503184714 0.03184713375796178 0.012738853503184714 0.025477707006369428 0.012738853503184714 0.01910828025477707 0.03184713375796178 0.01910828025477707 0.01910828025477707 0.05732484076433121 
0.06666666666666667 0.13333333333333333 0.05333333333333334 0.02666666666666667 0.05333333333333334 0.02666666666666667 0.04 0.02666666666666667 0.06666666666666667 0.04 0.04 0.16 0.06666666666666667 0.05333333333333334 0.02666666666666667 0.04 0.08 
0.04938271604938271 0.024691358024691357 0.19753086419753085 0.06172839506172839 0.024691358024691357 0.037037037037037035 0.037037037037037035 0.024691358024691357 0.04938271604938271 0.08641975308641975 0.07407407407407407 0.037037037037037035 0.037037037037037035 0.04938271604938271 0.037037037037037035 0.024691358024691357 0.14814814814814814 
0.030303030303030304 0.030303030303030304 0.030303030303030304 0.06060606060606061 0.30303030303030304 0.045454545454545456 0.030303030303030304 0.030303030303030304 0.06060606060606061 0.06060606060606061 0.030303030303030304 0.07575757575757576 0.045454545454545456 0.030303030303030304 0.045454545454545456 0.045454545454545456 0.045454545454545456 
0.04918032786885246 0.03278688524590164 0.06557377049180328 0.04918032786885246 0.2786885245901639 0.04918032786885246 0.04918032786885246 0.03278688524590164 0.03278688524590164 0.04918032786885246 0.04918032786885246 0.04918032786885246 0.03278688524590164 0.04918032786885246 0.04918032786885246 0.04918032786885246 0.03278688524590164 
0.03333333333333333 0.016666666666666666 0.05 0.475 0.016666666666666666 0.03333333333333333 0.041666666666666664 0.016666666666666666 0.016666666666666666 0.058333333333333334 0.025 0.016666666666666666 0.041666666666666664 0.058333333333333334 0.03333333333333333 0.05 0.016666666666666666 
0.02040816326530612 0.030612244897959183 0.04081632653061224 0.05102040816326531 0.04081632653061224 0.02040816326530612 0.02040816326530612 0.02040816326530612 0.02040816326530612 0.4387755102040816 0.07142857142857142 0.02040816326530612 0.02040816326530612 0.030612244897959183 0.030612244897959183 0.02040816326530612 0.10204081632653061 
0.07216494845360824 0.030927835051546393 0.08247422680412371 0.23711340206185566 0.020618556701030927 0.041237113402061855 0.061855670103092786 0.020618556701030927 0.030927835051546393 0.061855670103092786 0.020618556701030927 0.030927835051546393 0.020618556701030927 0.041237113402061855 0.030927835051546393 0.08247422680412371 0.1134020618556701 
0.03225806451612903 0.0967741935483871 0.03225806451612903 0.04838709677419355 0.14516129032258066 0.06451612903225806 0.04838709677419355 0.06451612903225806 0.03225806451612903 0.03225806451612903 0.03225806451612903 0.0967741935483871 0.04838709677419355 0.03225806451612903 0.0967741935483871 0.03225806451612903 0.06451612903225806 
0.015267175572519083 0.05343511450381679 0.06870229007633588 0.07633587786259542 0.13740458015267176 0.061068702290076333 0.015267175572519083 0.015267175572519083 0.030534351145038167 0.022900763358778626 0.04580152671755725 0.15267175572519084 0.05343511450381679 0.061068702290076333 0.12213740458015267 0.030534351145038167 0.03816793893129771 
0.03529411764705882 0.023529411764705882 0.047058823529411764 0.058823529411764705 0.03529411764705882 0.047058823529411764 0.023529411764705882 0.023529411764705882 0.023529411764705882 0.07058823529411765 0.03529411764705882 0.2823529411764706 0.058823529411764705 0.03529411764705882 0.023529411764705882 0.023529411764705882 0.15294117647058825 
0.03137254901960784 0.03137254901960784 0.0392156862745098 0.01568627450980392 0.06274509803921569 0.00784313725490196 0.10196078431372549 0.4588235294117647 0.011764705882352941 0.0196078431372549 0.01568627450980392 0.07450980392156863 0.011764705882352941 0.023529411764705882 0.0392156862745098 0.03529411764705882 0.0196078431372549 
0.0410958904109589 0.0410958904109589 0.0273972602739726 0.0273972602739726 0.3424657534246575 0.0410958904109589 0.0273972602739726 0.0273972602739726 0.0684931506849315 0.0273972602739726 0.0410958904109589 0.0410958904109589 0.0273972602739726 0.0273972602739726 0.0547945205479452 0.0410958904109589 0.0958904109589041 
0.773109243697479 0.01680672268907563 0.008403361344537815 0.008403361344537815 0.012605042016806723 0.01680672268907563 0.04201680672268908 0.02100840336134454 0.008403361344537815 0.01680672268907563 0.008403361344537815 0.012605042016806723 0.008403361344537815 0.008403361344537815 0.012605042016806723 0.008403361344537815 0.01680672268907563 
0.018867924528301886 0.02830188679245283 0.02830188679245283 0.11320754716981132 0.24528301886792453 0.07547169811320754 0.018867924528301886 0.03773584905660377 0.05660377358490566 0.018867924528301886 0.03773584905660377 0.018867924528301886 0.07547169811320754 0.02830188679245283 0.0660377358490566 0.03773584905660377 0.09433962264150944 
0.04195804195804196 0.027972027972027972 0.06293706293706294 0.16083916083916083 0.11188811188811189 0.06293706293706294 0.06293706293706294 0.03496503496503497 0.03496503496503497 0.055944055944055944 0.027972027972027972 0.07692307692307693 0.02097902097902098 0.07692307692307693 0.06293706293706294 0.027972027972027972 0.04895104895104895 
0.014084507042253521 0.014084507042253521 0.014084507042253521 0.028169014084507043 0.02112676056338028 0.014084507042253521 0.035211267605633804 0.6267605633802817 0.02112676056338028 0.014084507042253521 0.035211267605633804 0.02112676056338028 0.035211267605633804 0.014084507042253521 0.04929577464788732 0.028169014084507043 0.014084507042253521 
0.025 0.025 0.05 0.058333333333333334 0.016666666666666666 0.03333333333333333 0.058333333333333334 0.05 0.041666666666666664 0.06666666666666667 0.13333333333333333 0.175 0.09166666666666666 0.05 0.03333333333333333 0.025 0.06666666666666667 
0.010309278350515464 0.015463917525773196 0.010309278350515464 0.010309278350515464 0.015463917525773196 0.015463917525773196 0.015463917525773196 0.015463917525773196 0.010309278350515464 0.015463917525773196 0.788659793814433 0.010309278350515464 0.010309278350515464 0.010309278350515464 0.020618556701030927 0.010309278350515464 0.015463917525773196 
0.05172413793103448 0.06896551724137931 0.05172413793103448 0.034482758620689655 0.06896551724137931 0.034482758620689655 0.034482758620689655 0.034482758620689655 0.05172413793103448 0.08620689655172414 0.05172413793103448 0.06896551724137931 0.06896551724137931 0.06896551724137931 0.13793103448275862 0.05172413793103448 0.034482758620689655 
0.0196078431372549 0.0196078431372549 0.029411764705882353 0.09803921568627451 0.17647058823529413 0.0784313725490196 0.058823529411764705 0.0392156862745098 0.0392156862745098 0.058823529411764705 0.06862745098039216 0.049019607843137254 0.049019607843137254 0.029411764705882353 0.06862745098039216 0.058823529411764705 0.058823529411764705 
0.023529411764705882 0.09411764705882353 0.023529411764705882 0.058823529411764705 0.047058823529411764 0.03529411764705882 0.03529411764705882 0.03529411764705882 0.058823529411764705 0.03529411764705882 0.023529411764705882 0.11764705882352941 0.047058823529411764 0.07058823529411765 0.058823529411764705 0.03529411764705882 0.2 
0.02666666666666667 0.02666666666666667 0.05333333333333334 0.10666666666666667 0.12 0.05333333333333334 0.02666666666666667 0.02666666666666667 0.04 0.04 0.05333333333333334 0.05333333333333334 0.04 0.16 0.05333333333333334 0.04 0.08 
