0.025423728813559324 0.01694915254237288 0.01694915254237288 0.03389830508474576 0.05508474576271186 0.025423728813559324 0.029661016949152543 0.13559322033898305 0.03389830508474576 0.012711864406779662 0.0635593220338983 0.038135593220338986 0.01694915254237288 0.059322033898305086 0.025423728813559324 0.09745762711864407 0.025423728813559324 0.029661016949152543 0.0211864406779661 0.025423728813559324 0.025423728813559324 0.08898305084745763 0.025423728813559324 0.05084745762711865 0.0211864406779661 
0.021052631578947368 0.08421052631578947 0.031578947368421054 0.031578947368421054 0.11578947368421053 0.07368421052631578 0.031578947368421054 0.021052631578947368 0.021052631578947368 0.042105263157894736 0.042105263157894736 0.05263157894736842 0.031578947368421054 0.021052631578947368 0.021052631578947368 0.021052631578947368 0.042105263157894736 0.031578947368421054 0.021052631578947368 0.031578947368421054 0.05263157894736842 0.021052631578947368 0.021052631578947368 0.08421052631578947 0.031578947368421054 
0.05319148936170213 0.02127659574468085 0.02127659574468085 0.031914893617021274 0.09574468085106383 0.10638297872340426 0.05319148936170213 0.031914893617021274 0.031914893617021274 0.0425531914893617 0.031914893617021274 0.05319148936170213 0.031914893617021274 0.02127659574468085 0.02127659574468085 0.02127659574468085 0.02127659574468085 0.02127659574468085 0.0851063829787234 0.031914893617021274 0.0425531914893617 0.02127659574468085 0.02127659574468085 0.02127659574468085 0.06382978723404255 
0.024390243902439025 0.024390243902439025 0.024390243902439025 0.024390243902439025 0.06097560975609756 0.08536585365853659 0.0975609756097561 0.024390243902439025 0.024390243902439025 0.036585365853658534 0.036585365853658534 0.036585365853658534 0.024390243902439025 0.036585365853658534 0.024390243902439025 0.024390243902439025 0.06097560975609756 0.024390243902439025 0.07317073170731707 0.06097560975609756 0.024390243902439025 0.024390243902439025 0.04878048780487805 0.024390243902439025 0.04878048780487805 
0.017241379310344827 0.011494252873563218 0.011494252873563218 0.011494252873563218 0.011494252873563218 0.017241379310344827 0.022988505747126436 0.028735632183908046 0.022988505747126436 0.011494252873563218 0.43103448275862066 0.040229885057471264 0.028735632183908046 0.022988505747126436 0.017241379310344827 0.011494252873563218 0.011494252873563218 0.011494252873563218 0.09770114942528736 0.07471264367816093 0.034482758620689655 0.011494252873563218 0.011494252873563218 0.017241379310344827 0.011494252873563218 
0.06060606060606061 0.06060606060606061 0.020202020202020204 0.020202020202020204 0.030303030303030304 0.04040404040404041 0.04040404040404041 0.020202020202020204 0.020202020202020204 0.10101010101010101 0.04040404040404041 0.020202020202020204 0.020202020202020204 0.030303030303030304 0.04040404040404041 0.020202020202020204 0.020202020202020204 0.1111111111111111 0.1111111111111111 0.04040404040404041 0.030303030303030304 0.020202020202020204 0.020202020202020204 0.04040404040404041 0.020202020202020204 
0.05128205128205128 0.038461538461538464 0.05128205128205128 0.038461538461538464 0.02564102564102564 0.02564102564102564 0.05128205128205128 0.02564102564102564 0.02564102564102564 0.038461538461538464 0.02564102564102564 0.038461538461538464 0.02564102564102564 0.05128205128205128 0.0641025641025641 0.02564102564102564 0.02564102564102564 0.038461538461538464 0.02564102564102564 0.0641025641025641 0.05128205128205128 0.05128205128205128 0.05128205128205128 0.0641025641025641 0.02564102564102564 
0.024390243902439025 0.04065040650406504 0.016260162601626018 0.024390243902439025 0.032520325203252036 0.07317073170731707 0.16260162601626016 0.024390243902439025 0.032520325203252036 0.032520325203252036 0.04878048780487805 0.016260162601626018 0.016260162601626018 0.024390243902439025 0.024390243902439025 0.024390243902439025 0.032520325203252036 0.016260162601626018 0.07317073170731707 0.04065040650406504 0.016260162601626018 0.024390243902439025 0.06504065040650407 0.0975609756097561 0.016260162601626018 
0.008902077151335312 0.005934718100890208 0.005934718100890208 0.8189910979228486 0.008902077151335312 0.008902077151335312 0.008902077151335312 0.011869436201780416 0.005934718100890208 0.008902077151335312 0.005934718100890208 0.005934718100890208 0.008902077151335312 0.005934718100890208 0.005934718100890208 0.01483679525222552 0.008902077151335312 0.005934718100890208 0.005934718100890208 0.005934718100890208 0.005934718100890208 0.005934718100890208 0.005934718100890208 0.008902077151335312 0.005934718100890208 
0.03571428571428571 0.03571428571428571 0.03571428571428571 0.03571428571428571 0.03571428571428571 0.03571428571428571 0.03571428571428571 0.03571428571428571 0.03571428571428571 0.03571428571428571 0.03571428571428571 0.03571428571428571 0.07142857142857142 0.03571428571428571 0.03571428571428571 0.03571428571428571 0.03571428571428571 0.03571428571428571 0.03571428571428571 0.05357142857142857 0.03571428571428571 0.08928571428571429 0.03571428571428571 0.03571428571428571 0.03571428571428571 
0.09166666666666666 0.025 0.025 0.016666666666666666 0.03333333333333333 0.06666666666666667 0.041666666666666664 0.025 0.025 0.05 0.058333333333333334 0.016666666666666666 0.03333333333333333 0.025 0.025 0.016666666666666666 0.14166666666666666 0.03333333333333333 0.041666666666666664 0.041666666666666664 0.025 0.016666666666666666 0.025 0.058333333333333334 0.041666666666666664 
0.0091324200913242 0.0091324200913242 0.0091324200913242 0.7488584474885844 0.0091324200913242 0.0091324200913242 0.0091324200913242 0.0091324200913242 0.0182648401826484 0.0091324200913242 0.0091324200913242 0.0091324200913242 0.0091324200913242 0.0091324200913242 0.0091324200913242 0.0273972602739726 0.0091324200913242 0.0091324200913242 0.0136986301369863 0.0091324200913242 0.0091324200913242 0.0091324200913242 0.0091324200913242 0.0091324200913242 0.0091324200913242 
0.05405405405405406 0.02702702702702703 0.04054054054054054 0.02702702702702703 0.02702702702702703 0.05405405405405406 0.06756756756756757 0.04054054054054054 0.04054054054054054 0.02702702702702703 0.02702702702702703 0.02702702702702703 0.02702702702702703 0.02702702702702703 0.02702702702702703 0.02702702702702703 0.05405405405405406 0.02702702702702703 0.04054054054054054 0.05405405405405406 0.04054054054054054 0.02702702702702703 0.05405405405405406 0.05405405405405406 0.08108108108108109 
0.02127659574468085 0.031914893617021274 0.02127659574468085 0.031914893617021274 0.02127659574468085 0.10638297872340426 0.031914893617021274 0.02127659574468085 0.02127659574468085 0.06382978723404255 0.031914893617021274 0.06382978723404255 0.0425531914893617 0.02127659574468085 0.02127659574468085 0.02127659574468085 0.031914893617021274 0.031914893617021274 0.2127659574468085 0.02127659574468085 0.02127659574468085 0.0425531914893617 0.02127659574468085 0.02127659574468085 0.02127659574468085 
0.02727272727272727 0.03636363636363636 0.01818181818181818 0.02727272727272727 0.06363636363636363 0.06363636363636363 0.01818181818181818 0.01818181818181818 0.02727272727272727 0.02727272727272727 0.01818181818181818 0.01818181818181818 0.045454545454545456 0.045454545454545456 0.02727272727272727 0.01818181818181818 0.02727272727272727 0.02727272727272727 0.33636363636363636 0.01818181818181818 0.01818181818181818 0.01818181818181818 0.01818181818181818 0.01818181818181818 0.01818181818181818 
0.033707865168539325 0.033707865168539325 0.02247191011235955 0.056179775280898875 0.033707865168539325 0.33707865168539325 0.02247191011235955 0.033707865168539325 0.02247191011235955 0.02247191011235955 0.033707865168539325 0.033707865168539325 0.033707865168539325 0.033707865168539325 0.02247191011235955 0.02247191011235955 0.02247191011235955 0.02247191011235955 0.02247191011235955 0.02247191011235955 0.02247191011235955 0.02247191011235955 0.02247191011235955 0.02247191011235955 0.02247191011235955 
0.02631578947368421 0.039473684210526314 0.02631578947368421 0.02631578947368421 0.02631578947368421 0.02631578947368421 0.02631578947368421 0.05263157894736842 0.039473684210526314 0.039473684210526314 0.02631578947368421 0.039473684210526314 0.02631578947368421 0.02631578947368421 0.06578947368421052 0.02631578947368421 0.06578947368421052 0.06578947368421052 0.039473684210526314 0.039473684210526314 0.06578947368421052 0.039473684210526314 0.02631578947368421 0.09210526315789473 0.02631578947368421 
0.05405405405405406 0.02702702702702703 0.013513513513513514 0.009009009009009009 0.013513513513513514 0.013513513513513514 0.009009009009009009 0.481981981981982 0.013513513513513514 0.018018018018018018 0.02702702702702703 0.013513513513513514 0.018018018018018018 0.02252252252252252 0.013513513513513514 0.009009009009009009 0.009009009009009009 0.009009009009009009 0.08558558558558559 0.013513513513513514 0.02252252252252252 0.018018018018018018 0.009009009009009009 0.04954954954954955 0.02702702702702703 
0.031746031746031744 0.047619047619047616 0.06349206349206349 0.031746031746031744 0.031746031746031744 0.047619047619047616 0.047619047619047616 0.031746031746031744 0.047619047619047616 0.031746031746031744 0.07936507936507936 0.031746031746031744 0.031746031746031744 0.031746031746031744 0.031746031746031744 0.031746031746031744 0.047619047619047616 0.031746031746031744 0.031746031746031744 0.047619047619047616 0.031746031746031744 0.031746031746031744 0.031746031746031744 0.031746031746031744 0.06349206349206349 
0.038834951456310676 0.07766990291262135 0.019417475728155338 0.038834951456310676 0.04854368932038835 0.08737864077669903 0.02912621359223301 0.038834951456310676 0.019417475728155338 0.019417475728155338 0.04854368932038835 0.019417475728155338 0.02912621359223301 0.038834951456310676 0.02912621359223301 0.02912621359223301 0.019417475728155338 0.02912621359223301 0.14563106796116504 0.038834951456310676 0.019417475728155338 0.038834951456310676 0.02912621359223301 0.019417475728155338 0.04854368932038835 
0.009009009009009009 0.006006006006006006 0.006006006006006006 0.006006006006006006 0.006006006006006006 0.006006006006006006 0.006006006006006006 0.006006006006006006 0.006006006006006006 0.006006006006006006 0.006006006006006006 0.006006006006006006 0.009009009009009009 0.006006006006006006 0.006006006006006006 0.006006006006006006 0.006006006006006006 0.006006006006006006 0.006006006006006006 0.8468468468468469 0.006006006006006006 0.006006006006006006 0.009009009009009009 0.006006006006006006 0.006006006006006006 
0.006633499170812604 0.008291873963515755 0.004975124378109453 0.006633499170812604 0.1111111111111111 0.004975124378109453 0.009950248756218905 0.6053067993366501 0.011608623548922056 0.008291873963515755 0.013266998341625208 0.01658374792703151 0.004975124378109453 0.008291873963515755 0.011608623548922056 0.05804311774461028 0.006633499170812604 0.01824212271973466 0.013266998341625208 0.006633499170812604 0.009950248756218905 0.008291873963515755 0.01990049751243781 0.009950248756218905 0.01658374792703151 
0.03225806451612903 0.012903225806451613 0.025806451612903226 0.01935483870967742 0.04516129032258064 0.012903225806451613 0.0967741935483871 0.3935483870967742 0.01935483870967742 0.03225806451612903 0.012903225806451613 0.012903225806451613 0.01935483870967742 0.03225806451612903 0.025806451612903226 0.01935483870967742 0.01935483870967742 0.012903225806451613 0.025806451612903226 0.012903225806451613 0.025806451612903226 0.01935483870967742 0.025806451612903226 0.03225806451612903 0.012903225806451613 
0.042105263157894736 0.042105263157894736 0.021052631578947368 0.021052631578947368 0.031578947368421054 0.042105263157894736 0.031578947368421054 0.021052631578947368 0.021052631578947368 0.05263157894736842 0.042105263157894736 0.031578947368421054 0.042105263157894736 0.031578947368421054 0.021052631578947368 0.021052631578947368 0.18947368421052632 0.021052631578947368 0.07368421052631578 0.031578947368421054 0.021052631578947368 0.042105263157894736 0.031578947368421054 0.031578947368421054 0.042105263157894736 
0.03278688524590164 0.02459016393442623 0.01639344262295082 0.01639344262295082 0.02459016393442623 0.03278688524590164 0.01639344262295082 0.36885245901639346 0.01639344262295082 0.040983606557377046 0.01639344262295082 0.01639344262295082 0.03278688524590164 0.02459016393442623 0.02459016393442623 0.01639344262295082 0.01639344262295082 0.01639344262295082 0.08196721311475409 0.02459016393442623 0.01639344262295082 0.01639344262295082 0.02459016393442623 0.01639344262295082 0.06557377049180328 
0.015625 0.026041666666666668 0.010416666666666666 0.010416666666666666 0.015625 0.020833333333333332 0.020833333333333332 0.010416666666666666 0.010416666666666666 0.046875 0.010416666666666666 0.010416666666666666 0.020833333333333332 0.015625 0.010416666666666666 0.015625 0.010416666666666666 0.010416666666666666 0.020833333333333332 0.020833333333333332 0.015625 0.010416666666666666 0.010416666666666666 0.036458333333333336 0.59375 
0.03125 0.0234375 0.015625 0.0234375 0.015625 0.0234375 0.015625 0.015625 0.015625 0.015625 0.015625 0.0234375 0.015625 0.03125 0.4140625 0.015625 0.03125 0.015625 0.0390625 0.0234375 0.015625 0.0234375 0.0234375 0.03125 0.0859375 
0.03508771929824561 0.03508771929824561 0.03508771929824561 0.05263157894736842 0.03508771929824561 0.05263157894736842 0.03508771929824561 0.03508771929824561 0.03508771929824561 0.03508771929824561 0.05263157894736842 0.03508771929824561 0.03508771929824561 0.03508771929824561 0.05263157894736842 0.03508771929824561 0.03508771929824561 0.03508771929824561 0.03508771929824561 0.03508771929824561 0.07017543859649122 0.05263157894736842 0.03508771929824561 0.03508771929824561 0.03508771929824561 
0.060240963855421686 0.04819277108433735 0.024096385542168676 0.024096385542168676 0.024096385542168676 0.04819277108433735 0.04819277108433735 0.04819277108433735 0.03614457831325301 0.04819277108433735 0.024096385542168676 0.04819277108433735 0.04819277108433735 0.04819277108433735 0.04819277108433735 0.04819277108433735 0.024096385542168676 0.03614457831325301 0.024096385542168676 0.07228915662650602 0.024096385542168676 0.024096385542168676 0.024096385542168676 0.024096385542168676 0.07228915662650602 
0.02962962962962963 0.17037037037037037 0.014814814814814815 0.014814814814814815 0.022222222222222223 0.037037037037037035 0.022222222222222223 0.02962962962962963 0.014814814814814815 0.037037037037037035 0.08148148148148149 0.044444444444444446 0.022222222222222223 0.037037037037037035 0.037037037037037035 0.014814814814814815 0.02962962962962963 0.037037037037037035 0.044444444444444446 0.037037037037037035 0.05185185185185185 0.044444444444444446 0.02962962962962963 0.05925925925925926 0.037037037037037035 
0.03225806451612903 0.021505376344086023 0.043010752688172046 0.021505376344086023 0.021505376344086023 0.053763440860215055 0.03225806451612903 0.043010752688172046 0.03225806451612903 0.021505376344086023 0.043010752688172046 0.03225806451612903 0.03225806451612903 0.03225806451612903 0.021505376344086023 0.043010752688172046 0.23655913978494625 0.021505376344086023 0.043010752688172046 0.03225806451612903 0.021505376344086023 0.021505376344086023 0.021505376344086023 0.053763440860215055 0.021505376344086023 
0.02247191011235955 0.10112359550561797 0.011235955056179775 0.016853932584269662 0.033707865168539325 0.07865168539325842 0.0449438202247191 0.05056179775280899 0.016853932584269662 0.02247191011235955 0.03932584269662921 0.016853932584269662 0.028089887640449437 0.033707865168539325 0.028089887640449437 0.016853932584269662 0.02247191011235955 0.033707865168539325 0.1404494382022472 0.016853932584269662 0.033707865168539325 0.03932584269662921 0.06179775280898876 0.07303370786516854 0.016853932584269662 
0.05588235294117647 0.09117647058823529 0.029411764705882353 0.023529411764705882 0.023529411764705882 0.03529411764705882 0.020588235294117647 0.03235294117647059 0.01764705882352941 0.06470588235294118 0.008823529411764706 0.047058823529411764 0.026470588235294117 0.03235294117647059 0.06764705882352941 0.011764705882352941 0.03235294117647059 0.09117647058823529 0.05588235294117647 0.058823529411764705 0.029411764705882353 0.014705882352941176 0.020588235294117647 0.08823529411764706 0.020588235294117647 
0.03597122302158273 0.10071942446043165 0.014388489208633094 0.02158273381294964 0.050359712230215826 0.02158273381294964 0.014388489208633094 0.02877697841726619 0.014388489208633094 0.04316546762589928 0.02158273381294964 0.014388489208633094 0.2014388489208633 0.02158273381294964 0.014388489208633094 0.014388489208633094 0.02877697841726619 0.02158273381294964 0.1510791366906475 0.02158273381294964 0.02158273381294964 0.07194244604316546 0.014388489208633094 0.02158273381294964 0.014388489208633094 
0.013986013986013986 0.027972027972027972 0.013986013986013986 0.013986013986013986 0.013986013986013986 0.055944055944055944 0.5944055944055944 0.013986013986013986 0.013986013986013986 0.013986013986013986 0.013986013986013986 0.013986013986013986 0.02097902097902098 0.013986013986013986 0.013986013986013986 0.013986013986013986 0.013986013986013986 0.013986013986013986 0.013986013986013986 0.02097902097902098 0.013986013986013986 0.013986013986013986 0.013986013986013986 0.013986013986013986 0.013986013986013986 
0.02857142857142857 0.02857142857142857 0.01904761904761905 0.02857142857142857 0.01904761904761905 0.0761904761904762 0.047619047619047616 0.01904761904761905 0.02857142857142857 0.047619047619047616 0.2857142857142857 0.0380952380952381 0.01904761904761905 0.02857142857142857 0.02857142857142857 0.02857142857142857 0.01904761904761905 0.01904761904761905 0.02857142857142857 0.02857142857142857 0.01904761904761905 0.01904761904761905 0.01904761904761905 0.02857142857142857 0.047619047619047616 
0.007547169811320755 0.018867924528301886 0.011320754716981131 0.011320754716981131 0.018867924528301886 0.007547169811320755 0.07169811320754717 0.007547169811320755 0.04905660377358491 0.018867924528301886 0.022641509433962263 0.011320754716981131 0.022641509433962263 0.007547169811320755 0.01509433962264151 0.4037735849056604 0.1811320754716981 0.011320754716981131 0.026415094339622643 0.007547169811320755 0.011320754716981131 0.01509433962264151 0.026415094339622643 0.007547169811320755 0.007547169811320755 
0.36423841059602646 0.019867549668874173 0.019867549668874173 0.039735099337748346 0.019867549668874173 0.046357615894039736 0.033112582781456956 0.019867549668874173 0.019867549668874173 0.013245033112582781 0.013245033112582781 0.026490066225165563 0.019867549668874173 0.019867549668874173 0.033112582781456956 0.013245033112582781 0.026490066225165563 0.019867549668874173 0.033112582781456956 0.052980132450331126 0.013245033112582781 0.019867549668874173 0.039735099337748346 0.033112582781456956 0.039735099337748346 
0.002586206896551724 0.004310344827586207 0.0017241379310344827 0.0017241379310344827 0.0034482758620689655 0.006896551724137931 0.002586206896551724 0.004310344827586207 0.004310344827586207 0.002586206896551724 0.004310344827586207 0.8870689655172413 0.005172413793103448 0.004310344827586207 0.00603448275862069 0.0017241379310344827 0.0034482758620689655 0.0017241379310344827 0.022413793103448276 0.011206896551724138 0.002586206896551724 0.0017241379310344827 0.00603448275862069 0.004310344827586207 0.0034482758620689655 
0.018518518518518517 0.037037037037037035 0.018518518518518517 0.018518518518518517 0.10185185185185185 0.018518518518518517 0.12037037037037036 0.027777777777777776 0.018518518518518517 0.05555555555555555 0.027777777777777776 0.018518518518518517 0.027777777777777776 0.046296296296296294 0.046296296296296294 0.046296296296296294 0.018518518518518517 0.027777777777777776 0.07407407407407407 0.018518518518518517 0.07407407407407407 0.06481481481481481 0.018518518518518517 0.037037037037037035 0.018518518518518517 
0.2079207920792079 0.019801980198019802 0.0297029702970297 0.0297029702970297 0.0297029702970297 0.019801980198019802 0.019801980198019802 0.019801980198019802 0.0297029702970297 0.0297029702970297 0.019801980198019802 0.04950495049504951 0.0594059405940594 0.039603960396039604 0.019801980198019802 0.019801980198019802 0.0297029702970297 0.0297029702970297 0.12871287128712872 0.039603960396039604 0.0297029702970297 0.019801980198019802 0.019801980198019802 0.0297029702970297 0.0297029702970297 
0.0091324200913242 0.0091324200913242 0.0091324200913242 0.7488584474885844 0.0091324200913242 0.0091324200913242 0.0091324200913242 0.0091324200913242 0.0228310502283105 0.0091324200913242 0.0091324200913242 0.0091324200913242 0.0091324200913242 0.0091324200913242 0.0091324200913242 0.0228310502283105 0.0091324200913242 0.0091324200913242 0.0091324200913242 0.0091324200913242 0.0091324200913242 0.0091324200913242 0.0136986301369863 0.0091324200913242 0.0091324200913242 
0.02830188679245283 0.04716981132075472 0.07547169811320754 0.018867924528301886 0.02830188679245283 0.02830188679245283 0.03773584905660377 0.018867924528301886 0.018867924528301886 0.03773584905660377 0.03773584905660377 0.03773584905660377 0.03773584905660377 0.018867924528301886 0.02830188679245283 0.018867924528301886 0.2169811320754717 0.04716981132075472 0.018867924528301886 0.04716981132075472 0.018867924528301886 0.03773584905660377 0.018867924528301886 0.05660377358490566 0.018867924528301886 
0.02702702702702703 0.02702702702702703 0.02702702702702703 0.04054054054054054 0.02702702702702703 0.12162162162162163 0.02702702702702703 0.04054054054054054 0.02702702702702703 0.04054054054054054 0.02702702702702703 0.02702702702702703 0.02702702702702703 0.02702702702702703 0.06756756756756757 0.02702702702702703 0.06756756756756757 0.06756756756756757 0.02702702702702703 0.02702702702702703 0.02702702702702703 0.05405405405405406 0.02702702702702703 0.04054054054054054 0.05405405405405406 
0.009472259810554804 0.0027063599458728013 0.0040595399188092015 0.02029769959404601 0.005412719891745603 0.013531799729364006 0.0040595399188092015 0.0027063599458728013 0.010825439783491205 0.006765899864682003 0.0040595399188092015 0.005412719891745603 0.0027063599458728013 0.7713125845737483 0.0040595399188092015 0.07577807848443843 0.0027063599458728013 0.0027063599458728013 0.02029769959404601 0.008119079837618403 0.006765899864682003 0.005412719891745603 0.005412719891745603 0.0027063599458728013 0.0027063599458728013 
0.02608695652173913 0.017391304347826087 0.030434782608695653 0.008695652173913044 0.013043478260869565 0.030434782608695653 0.021739130434782608 0.017391304347826087 0.030434782608695653 0.034782608695652174 0.008695652173913044 0.021739130434782608 0.0391304347826087 0.021739130434782608 0.3173913043478261 0.008695652173913044 0.013043478260869565 0.017391304347826087 0.1782608695652174 0.043478260869565216 0.008695652173913044 0.02608695652173913 0.013043478260869565 0.02608695652173913 0.02608695652173913 
0.15730337078651685 0.056179775280898875 0.02247191011235955 0.02247191011235955 0.033707865168539325 0.02247191011235955 0.02247191011235955 0.02247191011235955 0.0449438202247191 0.0449438202247191 0.10112359550561797 0.02247191011235955 0.02247191011235955 0.033707865168539325 0.02247191011235955 0.02247191011235955 0.02247191011235955 0.02247191011235955 0.07865168539325842 0.056179775280898875 0.033707865168539325 0.02247191011235955 0.02247191011235955 0.0449438202247191 0.02247191011235955 
0.0110803324099723 0.013850415512465374 0.00554016620498615 0.013850415512465374 0.0110803324099723 0.024930747922437674 0.0110803324099723 0.0110803324099723 0.008310249307479225 0.019390581717451522 0.00554016620498615 0.00554016620498615 0.00554016620498615 0.00554016620498615 0.008310249307479225 0.00554016620498615 0.008310249307479225 0.00554016620498615 0.04155124653739612 0.013850415512465374 0.00554016620498615 0.7119113573407202 0.008310249307479225 0.008310249307479225 0.030470914127423823 
0.011363636363636364 0.011363636363636364 0.011363636363636364 0.011363636363636364 0.011363636363636364 0.011363636363636364 0.011363636363636364 0.011363636363636364 0.011363636363636364 0.011363636363636364 0.011363636363636364 0.011363636363636364 0.011363636363636364 0.011363636363636364 0.011363636363636364 0.011363636363636364 0.011363636363636364 0.011363636363636364 0.017045454545454544 0.017045454545454544 0.011363636363636364 0.011363636363636364 0.011363636363636364 0.017045454545454544 0.7102272727272727 
0.07142857142857142 0.02040816326530612 0.030612244897959183 0.030612244897959183 0.030612244897959183 0.12244897959183673 0.02040816326530612 0.04081632653061224 0.030612244897959183 0.030612244897959183 0.02040816326530612 0.061224489795918366 0.04081632653061224 0.02040816326530612 0.02040816326530612 0.02040816326530612 0.061224489795918366 0.02040816326530612 0.11224489795918367 0.02040816326530612 0.02040816326530612 0.05102040816326531 0.030612244897959183 0.05102040816326531 0.02040816326530612 
0.022222222222222223 0.044444444444444446 0.014814814814814815 0.014814814814814815 0.037037037037037035 0.02962962962962963 0.014814814814814815 0.044444444444444446 0.014814814814814815 0.022222222222222223 0.014814814814814815 0.037037037037037035 0.022222222222222223 0.022222222222222223 0.06666666666666667 0.014814814814814815 0.06666666666666667 0.022222222222222223 0.17777777777777778 0.037037037037037035 0.02962962962962963 0.022222222222222223 0.037037037037037035 0.1259259259259259 0.044444444444444446 
0.3076923076923077 0.02564102564102564 0.019230769230769232 0.02564102564102564 0.019230769230769232 0.0641025641025641 0.01282051282051282 0.03205128205128205 0.02564102564102564 0.01282051282051282 0.019230769230769232 0.038461538461538464 0.019230769230769232 0.019230769230769232 0.02564102564102564 0.019230769230769232 0.019230769230769232 0.01282051282051282 0.04487179487179487 0.07051282051282051 0.019230769230769232 0.019230769230769232 0.02564102564102564 0.02564102564102564 0.07692307692307693 
0.06374501992031872 0.0199203187250996 0.01195219123505976 0.027888446215139442 0.027888446215139442 0.01195219123505976 0.043824701195219126 0.02390438247011952 0.0199203187250996 0.05179282868525897 0.01593625498007968 0.01593625498007968 0.0199203187250996 0.01593625498007968 0.11553784860557768 0.28286852589641437 0.01195219123505976 0.055776892430278883 0.04780876494023904 0.01195219123505976 0.01593625498007968 0.01195219123505976 0.01195219123505976 0.01593625498007968 0.04780876494023904 
0.045454545454545456 0.03409090909090909 0.056818181818181816 0.03409090909090909 0.022727272727272728 0.045454545454545456 0.06818181818181818 0.045454545454545456 0.045454545454545456 0.03409090909090909 0.03409090909090909 0.022727272727272728 0.022727272727272728 0.045454545454545456 0.022727272727272728 0.022727272727272728 0.045454545454545456 0.09090909090909091 0.056818181818181816 0.022727272727272728 0.056818181818181816 0.022727272727272728 0.022727272727272728 0.045454545454545456 0.03409090909090909 
0.05172413793103448 0.017241379310344827 0.017241379310344827 0.04310344827586207 0.017241379310344827 0.1206896551724138 0.05172413793103448 0.017241379310344827 0.034482758620689655 0.034482758620689655 0.05172413793103448 0.017241379310344827 0.034482758620689655 0.017241379310344827 0.04310344827586207 0.017241379310344827 0.034482758620689655 0.02586206896551724 0.1206896551724138 0.06896551724137931 0.02586206896551724 0.02586206896551724 0.034482758620689655 0.034482758620689655 0.04310344827586207 
0.013986013986013986 0.027972027972027972 0.013986013986013986 0.013986013986013986 0.013986013986013986 0.03496503496503497 0.6223776223776224 0.013986013986013986 0.013986013986013986 0.013986013986013986 0.013986013986013986 0.013986013986013986 0.013986013986013986 0.013986013986013986 0.013986013986013986 0.013986013986013986 0.013986013986013986 0.013986013986013986 0.013986013986013986 0.02097902097902098 0.013986013986013986 0.013986013986013986 0.013986013986013986 0.013986013986013986 0.013986013986013986 
0.05263157894736842 0.02631578947368421 0.02631578947368421 0.02631578947368421 0.039473684210526314 0.05921052631578947 0.06578947368421052 0.03289473684210526 0.046052631578947366 0.07894736842105263 0.013157894736842105 0.019736842105263157 0.013157894736842105 0.07894736842105263 0.02631578947368421 0.013157894736842105 0.046052631578947366 0.02631578947368421 0.05263157894736842 0.039473684210526314 0.019736842105263157 0.046052631578947366 0.013157894736842105 0.11842105263157894 0.019736842105263157 
0.05825242718446602 0.05825242718446602 0.019417475728155338 0.04854368932038835 0.019417475728155338 0.0970873786407767 0.019417475728155338 0.038834951456310676 0.019417475728155338 0.019417475728155338 0.04854368932038835 0.05825242718446602 0.04854368932038835 0.02912621359223301 0.02912621359223301 0.019417475728155338 0.05825242718446602 0.05825242718446602 0.038834951456310676 0.04854368932038835 0.04854368932038835 0.019417475728155338 0.02912621359223301 0.02912621359223301 0.038834951456310676 
0.01834862385321101 0.01834862385321101 0.01834862385321101 0.01834862385321101 0.01834862385321101 0.027522935779816515 0.03669724770642202 0.01834862385321101 0.027522935779816515 0.01834862385321101 0.01834862385321101 0.027522935779816515 0.01834862385321101 0.01834862385321101 0.01834862385321101 0.027522935779816515 0.027522935779816515 0.01834862385321101 0.03669724770642202 0.027522935779816515 0.01834862385321101 0.027522935779816515 0.42201834862385323 0.03669724770642202 0.03669724770642202 
0.03225806451612903 0.043010752688172046 0.07526881720430108 0.021505376344086023 0.021505376344086023 0.043010752688172046 0.03225806451612903 0.021505376344086023 0.043010752688172046 0.043010752688172046 0.021505376344086023 0.021505376344086023 0.03225806451612903 0.06451612903225806 0.053763440860215055 0.021505376344086023 0.021505376344086023 0.021505376344086023 0.17204301075268819 0.053763440860215055 0.021505376344086023 0.021505376344086023 0.053763440860215055 0.021505376344086023 0.021505376344086023 
0.02857142857142857 0.047619047619047616 0.02857142857142857 0.05714285714285714 0.0380952380952381 0.047619047619047616 0.06666666666666667 0.02857142857142857 0.0380952380952381 0.05714285714285714 0.0380952380952381 0.02857142857142857 0.02857142857142857 0.02857142857142857 0.06666666666666667 0.02857142857142857 0.0380952380952381 0.02857142857142857 0.09523809523809523 0.01904761904761905 0.02857142857142857 0.06666666666666667 0.01904761904761905 0.01904761904761905 0.02857142857142857 
0.01875 0.1375 0.025 0.025 0.025 0.1125 0.0125 0.04375 0.01875 0.025 0.06875 0.0375 0.0125 0.0125 0.025 0.0125 0.025 0.025 0.0625 0.06875 0.0125 0.01875 0.0125 0.11875 0.04375 
0.023121387283236993 0.08670520231213873 0.023121387283236993 0.028901734104046242 0.023121387283236993 0.06358381502890173 0.017341040462427744 0.03468208092485549 0.04046242774566474 0.03468208092485549 0.028901734104046242 0.04046242774566474 0.023121387283236993 0.028901734104046242 0.05202312138728324 0.011560693641618497 0.017341040462427744 0.023121387283236993 0.08670520231213873 0.06358381502890173 0.04046242774566474 0.017341040462427744 0.011560693641618497 0.06358381502890173 0.11560693641618497 
0.05434782608695652 0.05434782608695652 0.021739130434782608 0.06521739130434782 0.043478260869565216 0.08695652173913043 0.03260869565217391 0.021739130434782608 0.021739130434782608 0.03260869565217391 0.021739130434782608 0.021739130434782608 0.021739130434782608 0.043478260869565216 0.05434782608695652 0.021739130434782608 0.021739130434782608 0.021739130434782608 0.13043478260869565 0.021739130434782608 0.03260869565217391 0.021739130434782608 0.03260869565217391 0.021739130434782608 0.07608695652173914 
0.04371584699453552 0.04371584699453552 0.0273224043715847 0.01639344262295082 0.02185792349726776 0.08196721311475409 0.02185792349726776 0.03278688524590164 0.0273224043715847 0.1092896174863388 0.02185792349726776 0.02185792349726776 0.0273224043715847 0.03278688524590164 0.04918032786885246 0.01092896174863388 0.02185792349726776 0.01092896174863388 0.08196721311475409 0.08743169398907104 0.03278688524590164 0.03825136612021858 0.04371584699453552 0.04371584699453552 0.04918032786885246 
0.03361344537815126 0.058823529411764705 0.025210084033613446 0.025210084033613446 0.025210084033613446 0.058823529411764705 0.01680672268907563 0.04201680672268908 0.025210084033613446 0.025210084033613446 0.025210084033613446 0.08403361344537816 0.01680672268907563 0.05042016806722689 0.058823529411764705 0.04201680672268908 0.05042016806722689 0.025210084033613446 0.04201680672268908 0.12605042016806722 0.03361344537815126 0.025210084033613446 0.025210084033613446 0.04201680672268908 0.01680672268907563 
0.03571428571428571 0.023809523809523808 0.023809523809523808 0.023809523809523808 0.023809523809523808 0.3333333333333333 0.023809523809523808 0.023809523809523808 0.03571428571428571 0.023809523809523808 0.03571428571428571 0.03571428571428571 0.023809523809523808 0.023809523809523808 0.023809523809523808 0.03571428571428571 0.03571428571428571 0.03571428571428571 0.023809523809523808 0.023809523809523808 0.023809523809523808 0.023809523809523808 0.023809523809523808 0.03571428571428571 0.023809523809523808 
0.07777777777777778 0.1111111111111111 0.022222222222222223 0.022222222222222223 0.05555555555555555 0.03333333333333333 0.022222222222222223 0.022222222222222223 0.044444444444444446 0.03333333333333333 0.022222222222222223 0.044444444444444446 0.03333333333333333 0.03333333333333333 0.05555555555555555 0.03333333333333333 0.022222222222222223 0.022222222222222223 0.05555555555555555 0.044444444444444446 0.022222222222222223 0.022222222222222223 0.022222222222222223 0.044444444444444446 0.07777777777777778 
0.05405405405405406 0.02702702702702703 0.02702702702702703 0.08108108108108109 0.02702702702702703 0.05405405405405406 0.04054054054054054 0.04054054054054054 0.02702702702702703 0.02702702702702703 0.02702702702702703 0.04054054054054054 0.02702702702702703 0.05405405405405406 0.05405405405405406 0.02702702702702703 0.06756756756756757 0.05405405405405406 0.02702702702702703 0.05405405405405406 0.02702702702702703 0.02702702702702703 0.04054054054054054 0.04054054054054054 0.02702702702702703 
0.04081632653061224 0.030612244897959183 0.02040816326530612 0.030612244897959183 0.04081632653061224 0.061224489795918366 0.05102040816326531 0.02040816326530612 0.04081632653061224 0.05102040816326531 0.05102040816326531 0.05102040816326531 0.02040816326530612 0.04081632653061224 0.030612244897959183 0.02040816326530612 0.07142857142857142 0.04081632653061224 0.04081632653061224 0.02040816326530612 0.02040816326530612 0.04081632653061224 0.02040816326530612 0.09183673469387756 0.05102040816326531 
0.03571428571428571 0.03571428571428571 0.023809523809523808 0.023809523809523808 0.023809523809523808 0.03571428571428571 0.05952380952380952 0.047619047619047616 0.023809523809523808 0.03571428571428571 0.03571428571428571 0.05952380952380952 0.023809523809523808 0.03571428571428571 0.05952380952380952 0.03571428571428571 0.047619047619047616 0.07142857142857142 0.03571428571428571 0.047619047619047616 0.03571428571428571 0.047619047619047616 0.023809523809523808 0.03571428571428571 0.05952380952380952 
0.008849557522123894 0.08849557522123894 0.008849557522123894 0.008849557522123894 0.022123893805309734 0.04424778761061947 0.017699115044247787 0.008849557522123894 0.022123893805309734 0.008849557522123894 0.008849557522123894 0.02654867256637168 0.45132743362831856 0.02654867256637168 0.008849557522123894 0.008849557522123894 0.017699115044247787 0.008849557522123894 0.05309734513274336 0.008849557522123894 0.02654867256637168 0.030973451327433628 0.022123893805309734 0.030973451327433628 0.030973451327433628 
0.04716981132075472 0.0660377358490566 0.02830188679245283 0.03773584905660377 0.018867924528301886 0.03773584905660377 0.05660377358490566 0.018867924528301886 0.018867924528301886 0.02830188679245283 0.07547169811320754 0.02830188679245283 0.02830188679245283 0.018867924528301886 0.04716981132075472 0.02830188679245283 0.018867924528301886 0.04716981132075472 0.07547169811320754 0.018867924528301886 0.02830188679245283 0.05660377358490566 0.07547169811320754 0.03773584905660377 0.05660377358490566 
0.011363636363636364 0.011363636363636364 0.011363636363636364 0.011363636363636364 0.011363636363636364 0.011363636363636364 0.017045454545454544 0.011363636363636364 0.011363636363636364 0.011363636363636364 0.011363636363636364 0.011363636363636364 0.011363636363636364 0.011363636363636364 0.011363636363636364 0.011363636363636364 0.011363636363636364 0.011363636363636364 0.011363636363636364 0.011363636363636364 0.011363636363636364 0.011363636363636364 0.011363636363636364 0.011363636363636364 0.7215909090909091 
0.02097902097902098 0.013986013986013986 0.027972027972027972 0.013986013986013986 0.04195804195804196 0.055944055944055944 0.027972027972027972 0.02097902097902098 0.02097902097902098 0.02097902097902098 0.03496503496503497 0.06293706293706294 0.02097902097902098 0.013986013986013986 0.013986013986013986 0.013986013986013986 0.027972027972027972 0.027972027972027972 0.04195804195804196 0.027972027972027972 0.02097902097902098 0.027972027972027972 0.3146853146853147 0.04895104895104895 0.03496503496503497 
0.029411764705882353 0.04411764705882353 0.029411764705882353 0.029411764705882353 0.029411764705882353 0.029411764705882353 0.029411764705882353 0.029411764705882353 0.029411764705882353 0.1323529411764706 0.029411764705882353 0.04411764705882353 0.04411764705882353 0.029411764705882353 0.058823529411764705 0.029411764705882353 0.029411764705882353 0.029411764705882353 0.04411764705882353 0.058823529411764705 0.029411764705882353 0.029411764705882353 0.029411764705882353 0.029411764705882353 0.07352941176470588 
0.058333333333333334 0.016666666666666666 0.025 0.03333333333333333 0.03333333333333333 0.016666666666666666 0.1 0.03333333333333333 0.025 0.016666666666666666 0.025 0.03333333333333333 0.016666666666666666 0.025 0.041666666666666664 0.025 0.125 0.05 0.025 0.05 0.025 0.016666666666666666 0.016666666666666666 0.11666666666666667 0.05 
0.3951219512195122 0.04878048780487805 0.014634146341463415 0.00975609756097561 0.04390243902439024 0.01951219512195122 0.014634146341463415 0.01951219512195122 0.00975609756097561 0.00975609756097561 0.05853658536585366 0.024390243902439025 0.01951219512195122 0.00975609756097561 0.00975609756097561 0.00975609756097561 0.014634146341463415 0.014634146341463415 0.09268292682926829 0.06829268292682927 0.00975609756097561 0.03902439024390244 0.00975609756097561 0.024390243902439025 0.00975609756097561 
0.14166666666666666 0.0625 0.008333333333333333 0.020833333333333332 0.008333333333333333 0.0375 0.020833333333333332 0.04583333333333333 0.0375 0.05 0.020833333333333332 0.1 0.020833333333333332 0.016666666666666666 0.008333333333333333 0.008333333333333333 0.025 0.0125 0.058333333333333334 0.06666666666666667 0.058333333333333334 0.025 0.025 0.10416666666666667 0.016666666666666666 
0.0375 0.025 0.05 0.025 0.025 0.125 0.0375 0.025 0.025 0.05 0.025 0.0375 0.025 0.025 0.025 0.025 0.05 0.05 0.0625 0.0375 0.025 0.0375 0.025 0.0875 0.0375 
0.03614457831325301 0.13253012048192772 0.024096385542168676 0.024096385542168676 0.024096385542168676 0.07228915662650602 0.024096385542168676 0.04819277108433735 0.024096385542168676 0.03614457831325301 0.060240963855421686 0.04819277108433735 0.03614457831325301 0.024096385542168676 0.060240963855421686 0.024096385542168676 0.024096385542168676 0.03614457831325301 0.024096385542168676 0.03614457831325301 0.024096385542168676 0.03614457831325301 0.024096385542168676 0.060240963855421686 0.03614457831325301 
