0.0211864406779661 0.025423728813559324 0.038135593220338986 0.07627118644067797 0.0211864406779661 0.0211864406779661 0.029661016949152543 0.11864406779661017 0.012711864406779662 0.01694915254237288 0.012711864406779662 0.0211864406779661 0.01694915254237288 0.0635593220338983 0.0423728813559322 0.1016949152542373 0.01694915254237288 0.046610169491525424 0.01694915254237288 0.00847457627118644 0.046610169491525424 0.09322033898305085 0.029661016949152543 0.08898305084745763 0.012711864406779662 
0.05263157894736842 0.09473684210526316 0.031578947368421054 0.021052631578947368 0.042105263157894736 0.031578947368421054 0.08421052631578947 0.05263157894736842 0.021052631578947368 0.05263157894736842 0.031578947368421054 0.031578947368421054 0.031578947368421054 0.021052631578947368 0.021052631578947368 0.031578947368421054 0.05263157894736842 0.031578947368421054 0.031578947368421054 0.021052631578947368 0.07368421052631578 0.031578947368421054 0.021052631578947368 0.05263157894736842 0.031578947368421054 
0.031914893617021274 0.02127659574468085 0.031914893617021274 0.02127659574468085 0.1276595744680851 0.10638297872340426 0.031914893617021274 0.02127659574468085 0.02127659574468085 0.031914893617021274 0.031914893617021274 0.0425531914893617 0.02127659574468085 0.02127659574468085 0.0425531914893617 0.02127659574468085 0.02127659574468085 0.02127659574468085 0.1276595744680851 0.02127659574468085 0.031914893617021274 0.02127659574468085 0.031914893617021274 0.02127659574468085 0.07446808510638298 
0.024390243902439025 0.024390243902439025 0.04878048780487805 0.024390243902439025 0.036585365853658534 0.12195121951219512 0.08536585365853659 0.06097560975609756 0.024390243902439025 0.036585365853658534 0.036585365853658534 0.024390243902439025 0.036585365853658534 0.024390243902439025 0.024390243902439025 0.036585365853658534 0.04878048780487805 0.04878048780487805 0.04878048780487805 0.036585365853658534 0.024390243902439025 0.024390243902439025 0.024390243902439025 0.036585365853658534 0.036585365853658534 
0.011494252873563218 0.011494252873563218 0.017241379310344827 0.011494252873563218 0.017241379310344827 0.017241379310344827 0.040229885057471264 0.04597701149425287 0.017241379310344827 0.022988505747126436 0.4367816091954023 0.022988505747126436 0.011494252873563218 0.017241379310344827 0.034482758620689655 0.011494252873563218 0.022988505747126436 0.017241379310344827 0.09770114942528736 0.017241379310344827 0.011494252873563218 0.022988505747126436 0.017241379310344827 0.034482758620689655 0.011494252873563218 
0.030303030303030304 0.050505050505050504 0.030303030303030304 0.050505050505050504 0.020202020202020204 0.0707070707070707 0.030303030303030304 0.020202020202020204 0.04040404040404041 0.050505050505050504 0.030303030303030304 0.050505050505050504 0.020202020202020204 0.04040404040404041 0.0707070707070707 0.020202020202020204 0.020202020202020204 0.020202020202020204 0.1111111111111111 0.06060606060606061 0.050505050505050504 0.020202020202020204 0.030303030303030304 0.04040404040404041 0.020202020202020204 
0.05128205128205128 0.02564102564102564 0.08974358974358974 0.02564102564102564 0.05128205128205128 0.02564102564102564 0.02564102564102564 0.07692307692307693 0.02564102564102564 0.038461538461538464 0.02564102564102564 0.05128205128205128 0.038461538461538464 0.05128205128205128 0.05128205128205128 0.02564102564102564 0.02564102564102564 0.02564102564102564 0.038461538461538464 0.02564102564102564 0.02564102564102564 0.038461538461538464 0.07692307692307693 0.02564102564102564 0.038461538461538464 
0.032520325203252036 0.04065040650406504 0.016260162601626018 0.016260162601626018 0.024390243902439025 0.07317073170731707 0.13008130081300814 0.024390243902439025 0.016260162601626018 0.06504065040650407 0.024390243902439025 0.024390243902439025 0.016260162601626018 0.024390243902439025 0.11382113821138211 0.024390243902439025 0.016260162601626018 0.016260162601626018 0.016260162601626018 0.04878048780487805 0.024390243902439025 0.016260162601626018 0.032520325203252036 0.13821138211382114 0.024390243902439025 
0.005934718100890208 0.011869436201780416 0.005934718100890208 0.8160237388724035 0.005934718100890208 0.005934718100890208 0.01483679525222552 0.005934718100890208 0.011869436201780416 0.008902077151335312 0.005934718100890208 0.005934718100890208 0.005934718100890208 0.005934718100890208 0.008902077151335312 0.008902077151335312 0.008902077151335312 0.008902077151335312 0.005934718100890208 0.008902077151335312 0.005934718100890208 0.005934718100890208 0.005934718100890208 0.008902077151335312 0.005934718100890208 
0.03571428571428571 0.03571428571428571 0.03571428571428571 0.05357142857142857 0.03571428571428571 0.03571428571428571 0.03571428571428571 0.03571428571428571 0.03571428571428571 0.03571428571428571 0.03571428571428571 0.03571428571428571 0.05357142857142857 0.07142857142857142 0.03571428571428571 0.03571428571428571 0.03571428571428571 0.05357142857142857 0.03571428571428571 0.03571428571428571 0.03571428571428571 0.05357142857142857 0.03571428571428571 0.03571428571428571 0.03571428571428571 
0.14166666666666666 0.016666666666666666 0.041666666666666664 0.025 0.03333333333333333 0.06666666666666667 0.06666666666666667 0.025 0.058333333333333334 0.03333333333333333 0.016666666666666666 0.016666666666666666 0.016666666666666666 0.016666666666666666 0.016666666666666666 0.025 0.18333333333333332 0.041666666666666664 0.016666666666666666 0.03333333333333333 0.016666666666666666 0.016666666666666666 0.025 0.03333333333333333 0.016666666666666666 
0.0091324200913242 0.0091324200913242 0.0091324200913242 0.7351598173515982 0.0136986301369863 0.0091324200913242 0.0091324200913242 0.0091324200913242 0.0091324200913242 0.0091324200913242 0.0091324200913242 0.0136986301369863 0.0091324200913242 0.0091324200913242 0.0091324200913242 0.0410958904109589 0.0091324200913242 0.0091324200913242 0.0091324200913242 0.0091324200913242 0.0091324200913242 0.0091324200913242 0.0091324200913242 0.0091324200913242 0.0136986301369863 
0.02702702702702703 0.04054054054054054 0.02702702702702703 0.02702702702702703 0.02702702702702703 0.10810810810810811 0.02702702702702703 0.04054054054054054 0.02702702702702703 0.02702702702702703 0.02702702702702703 0.04054054054054054 0.02702702702702703 0.05405405405405406 0.02702702702702703 0.02702702702702703 0.02702702702702703 0.0945945945945946 0.02702702702702703 0.02702702702702703 0.02702702702702703 0.04054054054054054 0.05405405405405406 0.06756756756756757 0.05405405405405406 
0.02127659574468085 0.02127659574468085 0.031914893617021274 0.02127659574468085 0.02127659574468085 0.10638297872340426 0.031914893617021274 0.031914893617021274 0.02127659574468085 0.05319148936170213 0.02127659574468085 0.02127659574468085 0.02127659574468085 0.06382978723404255 0.05319148936170213 0.02127659574468085 0.06382978723404255 0.0425531914893617 0.18085106382978725 0.02127659574468085 0.031914893617021274 0.02127659574468085 0.02127659574468085 0.031914893617021274 0.02127659574468085 
0.02727272727272727 0.03636363636363636 0.01818181818181818 0.02727272727272727 0.02727272727272727 0.07272727272727272 0.01818181818181818 0.02727272727272727 0.03636363636363636 0.01818181818181818 0.03636363636363636 0.02727272727272727 0.02727272727272727 0.03636363636363636 0.02727272727272727 0.01818181818181818 0.02727272727272727 0.01818181818181818 0.2818181818181818 0.05454545454545454 0.01818181818181818 0.01818181818181818 0.02727272727272727 0.03636363636363636 0.03636363636363636 
0.033707865168539325 0.02247191011235955 0.02247191011235955 0.02247191011235955 0.02247191011235955 0.30337078651685395 0.02247191011235955 0.0449438202247191 0.02247191011235955 0.033707865168539325 0.033707865168539325 0.033707865168539325 0.02247191011235955 0.02247191011235955 0.02247191011235955 0.02247191011235955 0.033707865168539325 0.033707865168539325 0.033707865168539325 0.033707865168539325 0.033707865168539325 0.033707865168539325 0.02247191011235955 0.033707865168539325 0.033707865168539325 
0.06578947368421052 0.05263157894736842 0.02631578947368421 0.039473684210526314 0.02631578947368421 0.02631578947368421 0.02631578947368421 0.02631578947368421 0.05263157894736842 0.02631578947368421 0.039473684210526314 0.05263157894736842 0.02631578947368421 0.039473684210526314 0.02631578947368421 0.02631578947368421 0.05263157894736842 0.06578947368421052 0.02631578947368421 0.02631578947368421 0.039473684210526314 0.05263157894736842 0.039473684210526314 0.09210526315789473 0.02631578947368421 
0.009009009009009009 0.02252252252252252 0.009009009009009009 0.009009009009009009 0.013513513513513514 0.013513513513513514 0.013513513513513514 0.45045045045045046 0.013513513513513514 0.036036036036036036 0.018018018018018018 0.04504504504504504 0.036036036036036036 0.013513513513513514 0.013513513513513514 0.009009009009009009 0.018018018018018018 0.009009009009009009 0.08558558558558559 0.013513513513513514 0.009009009009009009 0.02702702702702703 0.009009009009009009 0.07657657657657657 0.02702702702702703 
0.031746031746031744 0.047619047619047616 0.031746031746031744 0.031746031746031744 0.06349206349206349 0.047619047619047616 0.031746031746031744 0.06349206349206349 0.031746031746031744 0.031746031746031744 0.031746031746031744 0.047619047619047616 0.031746031746031744 0.031746031746031744 0.047619047619047616 0.031746031746031744 0.031746031746031744 0.031746031746031744 0.031746031746031744 0.047619047619047616 0.06349206349206349 0.031746031746031744 0.031746031746031744 0.06349206349206349 0.031746031746031744 
0.038834951456310676 0.11650485436893204 0.019417475728155338 0.019417475728155338 0.019417475728155338 0.10679611650485436 0.038834951456310676 0.038834951456310676 0.019417475728155338 0.019417475728155338 0.02912621359223301 0.019417475728155338 0.019417475728155338 0.038834951456310676 0.02912621359223301 0.019417475728155338 0.019417475728155338 0.02912621359223301 0.1941747572815534 0.04854368932038835 0.019417475728155338 0.038834951456310676 0.019417475728155338 0.019417475728155338 0.019417475728155338 
0.006006006006006006 0.015015015015015015 0.006006006006006006 0.006006006006006006 0.006006006006006006 0.018018018018018018 0.009009009009009009 0.006006006006006006 0.006006006006006006 0.009009009009009009 0.009009009009009009 0.006006006006006006 0.009009009009009009 0.006006006006006006 0.006006006006006006 0.006006006006006006 0.006006006006006006 0.009009009009009009 0.012012012012012012 0.8078078078078078 0.006006006006006006 0.006006006006006006 0.006006006006006006 0.006006006006006006 0.012012012012012012 
0.013266998341625208 0.01824212271973466 0.009950248756218905 0.009950248756218905 0.12769485903814262 0.003316749585406302 0.013266998341625208 0.5970149253731343 0.011608623548922056 0.01658374792703151 0.008291873963515755 0.011608623548922056 0.003316749585406302 0.004975124378109453 0.014925373134328358 0.04975124378109453 0.004975124378109453 0.009950248756218905 0.008291873963515755 0.008291873963515755 0.011608623548922056 0.004975124378109453 0.008291873963515755 0.009950248756218905 0.01990049751243781 
0.012903225806451613 0.01935483870967742 0.012903225806451613 0.01935483870967742 0.03870967741935484 0.012903225806451613 0.07096774193548387 0.44516129032258067 0.01935483870967742 0.025806451612903226 0.012903225806451613 0.01935483870967742 0.03225806451612903 0.01935483870967742 0.012903225806451613 0.01935483870967742 0.01935483870967742 0.01935483870967742 0.012903225806451613 0.01935483870967742 0.03225806451612903 0.05161290322580645 0.01935483870967742 0.01935483870967742 0.012903225806451613 
0.042105263157894736 0.021052631578947368 0.021052631578947368 0.021052631578947368 0.021052631578947368 0.06315789473684211 0.021052631578947368 0.021052631578947368 0.031578947368421054 0.09473684210526316 0.021052631578947368 0.042105263157894736 0.031578947368421054 0.031578947368421054 0.042105263157894736 0.021052631578947368 0.17894736842105263 0.021052631578947368 0.042105263157894736 0.042105263157894736 0.031578947368421054 0.042105263157894736 0.031578947368421054 0.021052631578947368 0.042105263157894736 
0.02459016393442623 0.040983606557377046 0.01639344262295082 0.03278688524590164 0.01639344262295082 0.02459016393442623 0.01639344262295082 0.36885245901639346 0.01639344262295082 0.02459016393442623 0.03278688524590164 0.02459016393442623 0.01639344262295082 0.03278688524590164 0.01639344262295082 0.01639344262295082 0.01639344262295082 0.02459016393442623 0.05737704918032787 0.01639344262295082 0.02459016393442623 0.02459016393442623 0.040983606557377046 0.02459016393442623 0.04918032786885246 
0.020833333333333332 0.041666666666666664 0.010416666666666666 0.015625 0.015625 0.020833333333333332 0.015625 0.010416666666666666 0.026041666666666668 0.010416666666666666 0.010416666666666666 0.010416666666666666 0.010416666666666666 0.015625 0.010416666666666666 0.010416666666666666 0.015625 0.010416666666666666 0.036458333333333336 0.010416666666666666 0.010416666666666666 0.015625 0.015625 0.03125 0.5989583333333334 
0.015625 0.0234375 0.015625 0.015625 0.0234375 0.03125 0.015625 0.015625 0.015625 0.046875 0.015625 0.015625 0.015625 0.03125 0.359375 0.015625 0.0234375 0.0234375 0.046875 0.015625 0.03125 0.015625 0.0234375 0.0234375 0.125 
0.03508771929824561 0.05263157894736842 0.05263157894736842 0.03508771929824561 0.03508771929824561 0.03508771929824561 0.03508771929824561 0.05263157894736842 0.05263157894736842 0.03508771929824561 0.05263157894736842 0.03508771929824561 0.03508771929824561 0.03508771929824561 0.07017543859649122 0.03508771929824561 0.03508771929824561 0.03508771929824561 0.03508771929824561 0.03508771929824561 0.03508771929824561 0.03508771929824561 0.03508771929824561 0.03508771929824561 0.03508771929824561 
0.04819277108433735 0.03614457831325301 0.024096385542168676 0.03614457831325301 0.024096385542168676 0.060240963855421686 0.03614457831325301 0.060240963855421686 0.03614457831325301 0.024096385542168676 0.03614457831325301 0.0963855421686747 0.024096385542168676 0.024096385542168676 0.03614457831325301 0.04819277108433735 0.03614457831325301 0.024096385542168676 0.024096385542168676 0.03614457831325301 0.024096385542168676 0.04819277108433735 0.024096385542168676 0.07228915662650602 0.060240963855421686 
0.044444444444444446 0.13333333333333333 0.02962962962962963 0.014814814814814815 0.022222222222222223 0.044444444444444446 0.037037037037037035 0.037037037037037035 0.044444444444444446 0.0962962962962963 0.0962962962962963 0.02962962962962963 0.022222222222222223 0.02962962962962963 0.014814814814814815 0.014814814814814815 0.02962962962962963 0.037037037037037035 0.037037037037037035 0.022222222222222223 0.037037037037037035 0.014814814814814815 0.037037037037037035 0.05185185185185185 0.022222222222222223 
0.021505376344086023 0.021505376344086023 0.021505376344086023 0.021505376344086023 0.021505376344086023 0.08602150537634409 0.021505376344086023 0.021505376344086023 0.043010752688172046 0.06451612903225806 0.03225806451612903 0.043010752688172046 0.03225806451612903 0.021505376344086023 0.03225806451612903 0.021505376344086023 0.1827956989247312 0.021505376344086023 0.021505376344086023 0.03225806451612903 0.021505376344086023 0.03225806451612903 0.021505376344086023 0.0967741935483871 0.043010752688172046 
0.03932584269662921 0.033707865168539325 0.016853932584269662 0.02247191011235955 0.028089887640449437 0.11235955056179775 0.03932584269662921 0.028089887640449437 0.0449438202247191 0.016853932584269662 0.028089887640449437 0.016853932584269662 0.02247191011235955 0.02247191011235955 0.03932584269662921 0.016853932584269662 0.033707865168539325 0.028089887640449437 0.1404494382022472 0.016853932584269662 0.02247191011235955 0.0449438202247191 0.03932584269662921 0.12359550561797752 0.02247191011235955 
0.07941176470588235 0.09705882352941177 0.01764705882352941 0.008823529411764706 0.026470588235294117 0.026470588235294117 0.014705882352941176 0.023529411764705882 0.047058823529411764 0.08235294117647059 0.020588235294117647 0.03235294117647059 0.041176470588235294 0.052941176470588235 0.029411764705882353 0.011764705882352941 0.029411764705882353 0.061764705882352944 0.06764705882352941 0.05 0.011764705882352941 0.01764705882352941 0.011764705882352941 0.11470588235294117 0.023529411764705882 
0.014388489208633094 0.06474820143884892 0.02158273381294964 0.014388489208633094 0.04316546762589928 0.02877697841726619 0.014388489208633094 0.02158273381294964 0.014388489208633094 0.04316546762589928 0.050359712230215826 0.06474820143884892 0.17266187050359713 0.02877697841726619 0.03597122302158273 0.02158273381294964 0.014388489208633094 0.014388489208633094 0.17266187050359713 0.03597122302158273 0.02158273381294964 0.02158273381294964 0.014388489208633094 0.03597122302158273 0.014388489208633094 
0.013986013986013986 0.013986013986013986 0.013986013986013986 0.02097902097902098 0.013986013986013986 0.04195804195804196 0.6083916083916084 0.013986013986013986 0.013986013986013986 0.013986013986013986 0.013986013986013986 0.013986013986013986 0.013986013986013986 0.013986013986013986 0.013986013986013986 0.013986013986013986 0.013986013986013986 0.013986013986013986 0.013986013986013986 0.013986013986013986 0.013986013986013986 0.013986013986013986 0.02097902097902098 0.027972027972027972 0.013986013986013986 
0.01904761904761905 0.01904761904761905 0.01904761904761905 0.01904761904761905 0.02857142857142857 0.047619047619047616 0.02857142857142857 0.02857142857142857 0.01904761904761905 0.01904761904761905 0.3238095238095238 0.06666666666666667 0.01904761904761905 0.02857142857142857 0.02857142857142857 0.01904761904761905 0.0380952380952381 0.01904761904761905 0.01904761904761905 0.0380952380952381 0.01904761904761905 0.02857142857142857 0.01904761904761905 0.047619047619047616 0.0380952380952381 
0.011320754716981131 0.033962264150943396 0.011320754716981131 0.007547169811320755 0.018867924528301886 0.022641509433962263 0.05660377358490566 0.01509433962264151 0.052830188679245285 0.01509433962264151 0.01509433962264151 0.007547169811320755 0.011320754716981131 0.01509433962264151 0.011320754716981131 0.4339622641509434 0.12452830188679245 0.007547169811320755 0.04150943396226415 0.007547169811320755 0.01509433962264151 0.007547169811320755 0.01509433962264151 0.026415094339622643 0.01509433962264151 
0.2913907284768212 0.026490066225165563 0.019867549668874173 0.013245033112582781 0.019867549668874173 0.026490066225165563 0.019867549668874173 0.019867549668874173 0.033112582781456956 0.026490066225165563 0.026490066225165563 0.033112582781456956 0.013245033112582781 0.013245033112582781 0.033112582781456956 0.019867549668874173 0.019867549668874173 0.013245033112582781 0.059602649006622516 0.046357615894039736 0.013245033112582781 0.046357615894039736 0.033112582781456956 0.06622516556291391 0.06622516556291391 
0.002586206896551724 0.002586206896551724 0.0017241379310344827 0.0017241379310344827 0.004310344827586207 0.004310344827586207 0.004310344827586207 0.002586206896551724 0.002586206896551724 0.006896551724137931 0.0034482758620689655 0.9 0.004310344827586207 0.002586206896551724 0.0034482758620689655 0.0017241379310344827 0.0017241379310344827 0.002586206896551724 0.027586206896551724 0.00603448275862069 0.002586206896551724 0.004310344827586207 0.002586206896551724 0.0017241379310344827 0.0017241379310344827 
0.018518518518518517 0.037037037037037035 0.018518518518518517 0.046296296296296294 0.05555555555555555 0.018518518518518517 0.08333333333333333 0.027777777777777776 0.027777777777777776 0.09259259259259259 0.037037037037037035 0.018518518518518517 0.05555555555555555 0.046296296296296294 0.037037037037037035 0.08333333333333333 0.037037037037037035 0.018518518518518517 0.037037037037037035 0.018518518518518517 0.08333333333333333 0.027777777777777776 0.018518518518518517 0.027777777777777776 0.027777777777777776 
0.2871287128712871 0.019801980198019802 0.019801980198019802 0.0297029702970297 0.019801980198019802 0.019801980198019802 0.019801980198019802 0.019801980198019802 0.039603960396039604 0.019801980198019802 0.019801980198019802 0.0297029702970297 0.0297029702970297 0.0297029702970297 0.04950495049504951 0.019801980198019802 0.039603960396039604 0.0297029702970297 0.10891089108910891 0.0297029702970297 0.0297029702970297 0.0297029702970297 0.019801980198019802 0.019801980198019802 0.019801980198019802 
0.0091324200913242 0.0091324200913242 0.0091324200913242 0.7214611872146118 0.0091324200913242 0.0136986301369863 0.0136986301369863 0.0091324200913242 0.0136986301369863 0.0091324200913242 0.0091324200913242 0.0091324200913242 0.0091324200913242 0.0091324200913242 0.0091324200913242 0.0365296803652968 0.0091324200913242 0.0091324200913242 0.0136986301369863 0.0182648401826484 0.0136986301369863 0.0091324200913242 0.0091324200913242 0.0091324200913242 0.0091324200913242 
0.05660377358490566 0.02830188679245283 0.09433962264150944 0.018867924528301886 0.018867924528301886 0.09433962264150944 0.03773584905660377 0.018867924528301886 0.018867924528301886 0.02830188679245283 0.04716981132075472 0.04716981132075472 0.04716981132075472 0.02830188679245283 0.02830188679245283 0.018867924528301886 0.11320754716981132 0.018867924528301886 0.018867924528301886 0.05660377358490566 0.02830188679245283 0.04716981132075472 0.02830188679245283 0.03773584905660377 0.018867924528301886 
0.05405405405405406 0.02702702702702703 0.02702702702702703 0.02702702702702703 0.02702702702702703 0.16216216216216217 0.02702702702702703 0.04054054054054054 0.02702702702702703 0.02702702702702703 0.02702702702702703 0.02702702702702703 0.02702702702702703 0.04054054054054054 0.05405405405405406 0.02702702702702703 0.02702702702702703 0.05405405405405406 0.04054054054054054 0.02702702702702703 0.02702702702702703 0.02702702702702703 0.04054054054054054 0.08108108108108109 0.02702702702702703 
0.006765899864682003 0.0040595399188092015 0.0027063599458728013 0.0040595399188092015 0.009472259810554804 0.014884979702300407 0.0040595399188092015 0.0027063599458728013 0.014884979702300407 0.0040595399188092015 0.0040595399188092015 0.0027063599458728013 0.0027063599458728013 0.7699594046008119 0.006765899864682003 0.08389715832205684 0.0040595399188092015 0.0040595399188092015 0.014884979702300407 0.008119079837618403 0.006765899864682003 0.010825439783491205 0.008119079837618403 0.0027063599458728013 0.0027063599458728013 
0.034782608695652174 0.030434782608695653 0.013043478260869565 0.017391304347826087 0.013043478260869565 0.030434782608695653 0.021739130434782608 0.013043478260869565 0.008695652173913044 0.05652173913043478 0.013043478260869565 0.043478260869565216 0.021739130434782608 0.008695652173913044 0.3652173913043478 0.013043478260869565 0.013043478260869565 0.008695652173913044 0.15217391304347827 0.013043478260869565 0.013043478260869565 0.008695652173913044 0.030434782608695653 0.008695652173913044 0.04782608695652174 
0.06741573033707865 0.02247191011235955 0.033707865168539325 0.02247191011235955 0.02247191011235955 0.0449438202247191 0.056179775280898875 0.02247191011235955 0.0449438202247191 0.056179775280898875 0.033707865168539325 0.033707865168539325 0.056179775280898875 0.02247191011235955 0.02247191011235955 0.02247191011235955 0.033707865168539325 0.02247191011235955 0.12359550561797752 0.033707865168539325 0.0449438202247191 0.02247191011235955 0.033707865168539325 0.06741573033707865 0.033707865168539325 
0.0110803324099723 0.019390581717451522 0.00554016620498615 0.00554016620498615 0.00554016620498615 0.019390581717451522 0.024930747922437674 0.00554016620498615 0.008310249307479225 0.0110803324099723 0.00554016620498615 0.00554016620498615 0.00554016620498615 0.00554016620498615 0.0110803324099723 0.008310249307479225 0.008310249307479225 0.00554016620498615 0.019390581717451522 0.008310249307479225 0.008310249307479225 0.7506925207756233 0.0110803324099723 0.00554016620498615 0.024930747922437674 
0.011363636363636364 0.011363636363636364 0.011363636363636364 0.011363636363636364 0.011363636363636364 0.011363636363636364 0.017045454545454544 0.011363636363636364 0.011363636363636364 0.017045454545454544 0.017045454545454544 0.011363636363636364 0.011363636363636364 0.011363636363636364 0.011363636363636364 0.011363636363636364 0.011363636363636364 0.011363636363636364 0.017045454545454544 0.011363636363636364 0.017045454545454544 0.011363636363636364 0.011363636363636364 0.011363636363636364 0.6988636363636364 
0.1326530612244898 0.04081632653061224 0.02040816326530612 0.030612244897959183 0.02040816326530612 0.09183673469387756 0.02040816326530612 0.02040816326530612 0.030612244897959183 0.061224489795918366 0.02040816326530612 0.02040816326530612 0.061224489795918366 0.030612244897959183 0.02040816326530612 0.02040816326530612 0.10204081632653061 0.030612244897959183 0.07142857142857142 0.02040816326530612 0.02040816326530612 0.02040816326530612 0.02040816326530612 0.05102040816326531 0.02040816326530612 
0.07407407407407407 0.06666666666666667 0.037037037037037035 0.037037037037037035 0.037037037037037035 0.044444444444444446 0.014814814814814815 0.014814814814814815 0.022222222222222223 0.02962962962962963 0.022222222222222223 0.022222222222222223 0.014814814814814815 0.022222222222222223 0.06666666666666667 0.022222222222222223 0.02962962962962963 0.022222222222222223 0.1259259259259259 0.05925925925925926 0.014814814814814815 0.02962962962962963 0.014814814814814815 0.14074074074074075 0.014814814814814815 
0.3269230769230769 0.01282051282051282 0.01282051282051282 0.01282051282051282 0.038461538461538464 0.09615384615384616 0.03205128205128205 0.02564102564102564 0.02564102564102564 0.019230769230769232 0.038461538461538464 0.05128205128205128 0.019230769230769232 0.01282051282051282 0.01282051282051282 0.01282051282051282 0.019230769230769232 0.019230769230769232 0.02564102564102564 0.08974358974358974 0.01282051282051282 0.01282051282051282 0.019230769230769232 0.02564102564102564 0.02564102564102564 
0.055776892430278883 0.027888446215139442 0.02390438247011952 0.00796812749003984 0.01593625498007968 0.027888446215139442 0.08366533864541832 0.01593625498007968 0.03187250996015936 0.01195219123505976 0.01593625498007968 0.02390438247011952 0.02390438247011952 0.01593625498007968 0.03187250996015936 0.2749003984063745 0.02390438247011952 0.02390438247011952 0.06772908366533864 0.03187250996015936 0.0398406374501992 0.02390438247011952 0.0199203187250996 0.05179282868525897 0.027888446215139442 
0.022727272727272728 0.056818181818181816 0.03409090909090909 0.022727272727272728 0.022727272727272728 0.03409090909090909 0.06818181818181818 0.022727272727272728 0.06818181818181818 0.09090909090909091 0.022727272727272728 0.022727272727272728 0.03409090909090909 0.022727272727272728 0.022727272727272728 0.022727272727272728 0.03409090909090909 0.09090909090909091 0.045454545454545456 0.056818181818181816 0.022727272727272728 0.03409090909090909 0.022727272727272728 0.07954545454545454 0.022727272727272728 
0.034482758620689655 0.017241379310344827 0.034482758620689655 0.017241379310344827 0.017241379310344827 0.06896551724137931 0.034482758620689655 0.02586206896551724 0.02586206896551724 0.04310344827586207 0.0603448275862069 0.017241379310344827 0.017241379310344827 0.017241379310344827 0.05172413793103448 0.017241379310344827 0.034482758620689655 0.034482758620689655 0.1810344827586207 0.034482758620689655 0.034482758620689655 0.034482758620689655 0.034482758620689655 0.06896551724137931 0.04310344827586207 
0.013986013986013986 0.02097902097902098 0.013986013986013986 0.013986013986013986 0.013986013986013986 0.04195804195804196 0.6013986013986014 0.013986013986013986 0.013986013986013986 0.013986013986013986 0.02097902097902098 0.013986013986013986 0.013986013986013986 0.013986013986013986 0.013986013986013986 0.013986013986013986 0.02097902097902098 0.013986013986013986 0.013986013986013986 0.013986013986013986 0.013986013986013986 0.013986013986013986 0.013986013986013986 0.02097902097902098 0.02097902097902098 
0.039473684210526314 0.019736842105263157 0.019736842105263157 0.046052631578947366 0.039473684210526314 0.046052631578947366 0.05263157894736842 0.019736842105263157 0.013157894736842105 0.039473684210526314 0.019736842105263157 0.013157894736842105 0.05263157894736842 0.08552631578947369 0.039473684210526314 0.019736842105263157 0.10526315789473684 0.046052631578947366 0.019736842105263157 0.02631578947368421 0.02631578947368421 0.05921052631578947 0.013157894736842105 0.11842105263157894 0.019736842105263157 
0.019417475728155338 0.07766990291262135 0.019417475728155338 0.08737864077669903 0.02912621359223301 0.0970873786407767 0.02912621359223301 0.04854368932038835 0.019417475728155338 0.08737864077669903 0.04854368932038835 0.02912621359223301 0.019417475728155338 0.019417475728155338 0.04854368932038835 0.019417475728155338 0.038834951456310676 0.038834951456310676 0.02912621359223301 0.05825242718446602 0.019417475728155338 0.019417475728155338 0.02912621359223301 0.02912621359223301 0.038834951456310676 
0.01834862385321101 0.027522935779816515 0.01834862385321101 0.01834862385321101 0.01834862385321101 0.027522935779816515 0.027522935779816515 0.01834862385321101 0.01834862385321101 0.06422018348623854 0.07339449541284404 0.01834862385321101 0.027522935779816515 0.027522935779816515 0.01834862385321101 0.01834862385321101 0.01834862385321101 0.03669724770642202 0.01834862385321101 0.027522935779816515 0.01834862385321101 0.01834862385321101 0.3577981651376147 0.027522935779816515 0.03669724770642202 
0.021505376344086023 0.03225806451612903 0.021505376344086023 0.021505376344086023 0.021505376344086023 0.06451612903225806 0.03225806451612903 0.043010752688172046 0.03225806451612903 0.043010752688172046 0.043010752688172046 0.043010752688172046 0.03225806451612903 0.03225806451612903 0.03225806451612903 0.021505376344086023 0.021505376344086023 0.03225806451612903 0.1935483870967742 0.053763440860215055 0.043010752688172046 0.03225806451612903 0.021505376344086023 0.043010752688172046 0.021505376344086023 
0.02857142857142857 0.06666666666666667 0.047619047619047616 0.047619047619047616 0.02857142857142857 0.02857142857142857 0.09523809523809523 0.05714285714285714 0.01904761904761905 0.047619047619047616 0.01904761904761905 0.09523809523809523 0.0380952380952381 0.01904761904761905 0.01904761904761905 0.01904761904761905 0.0380952380952381 0.0380952380952381 0.05714285714285714 0.02857142857142857 0.02857142857142857 0.01904761904761905 0.047619047619047616 0.02857142857142857 0.0380952380952381 
0.025 0.075 0.01875 0.01875 0.01875 0.1125 0.05 0.05625 0.01875 0.03125 0.075 0.0125 0.01875 0.025 0.0125 0.0125 0.03125 0.03125 0.0875 0.03125 0.0125 0.04375 0.01875 0.125 0.0375 
0.057803468208092484 0.07514450867052024 0.028901734104046242 0.023121387283236993 0.03468208092485549 0.028901734104046242 0.04046242774566474 0.046242774566473986 0.017341040462427744 0.023121387283236993 0.011560693641618497 0.028901734104046242 0.023121387283236993 0.017341040462427744 0.03468208092485549 0.017341040462427744 0.057803468208092484 0.05202312138728324 0.11560693641618497 0.08092485549132948 0.04046242774566474 0.028901734104046242 0.011560693641618497 0.05202312138728324 0.05202312138728324 
0.021739130434782608 0.021739130434782608 0.021739130434782608 0.03260869565217391 0.03260869565217391 0.09782608695652174 0.03260869565217391 0.021739130434782608 0.03260869565217391 0.043478260869565216 0.021739130434782608 0.03260869565217391 0.021739130434782608 0.05434782608695652 0.03260869565217391 0.03260869565217391 0.03260869565217391 0.021739130434782608 0.13043478260869565 0.03260869565217391 0.06521739130434782 0.021739130434782608 0.021739130434782608 0.021739130434782608 0.09782608695652174 
0.0273224043715847 0.04371584699453552 0.02185792349726776 0.01639344262295082 0.02185792349726776 0.09836065573770492 0.01092896174863388 0.07650273224043716 0.03278688524590164 0.0273224043715847 0.0546448087431694 0.02185792349726776 0.02185792349726776 0.01639344262295082 0.02185792349726776 0.01092896174863388 0.03278688524590164 0.02185792349726776 0.03278688524590164 0.10382513661202186 0.04918032786885246 0.0273224043715847 0.060109289617486336 0.07650273224043716 0.07103825136612021 
0.01680672268907563 0.01680672268907563 0.03361344537815126 0.04201680672268908 0.01680672268907563 0.05042016806722689 0.025210084033613446 0.04201680672268908 0.03361344537815126 0.05042016806722689 0.06722689075630252 0.09243697478991597 0.04201680672268908 0.03361344537815126 0.058823529411764705 0.01680672268907563 0.03361344537815126 0.01680672268907563 0.06722689075630252 0.07563025210084033 0.01680672268907563 0.025210084033613446 0.04201680672268908 0.05042016806722689 0.03361344537815126 
0.023809523809523808 0.047619047619047616 0.023809523809523808 0.023809523809523808 0.023809523809523808 0.36904761904761907 0.023809523809523808 0.03571428571428571 0.023809523809523808 0.03571428571428571 0.03571428571428571 0.023809523809523808 0.023809523809523808 0.023809523809523808 0.023809523809523808 0.023809523809523808 0.023809523809523808 0.023809523809523808 0.023809523809523808 0.023809523809523808 0.023809523809523808 0.023809523809523808 0.023809523809523808 0.023809523809523808 0.023809523809523808 
0.03333333333333333 0.03333333333333333 0.044444444444444446 0.07777777777777778 0.022222222222222223 0.022222222222222223 0.022222222222222223 0.03333333333333333 0.05555555555555555 0.1 0.022222222222222223 0.022222222222222223 0.044444444444444446 0.03333333333333333 0.022222222222222223 0.03333333333333333 0.05555555555555555 0.03333333333333333 0.03333333333333333 0.03333333333333333 0.022222222222222223 0.044444444444444446 0.06666666666666667 0.03333333333333333 0.05555555555555555 
0.05405405405405406 0.02702702702702703 0.02702702702702703 0.02702702702702703 0.04054054054054054 0.06756756756756757 0.02702702702702703 0.02702702702702703 0.02702702702702703 0.02702702702702703 0.04054054054054054 0.04054054054054054 0.04054054054054054 0.04054054054054054 0.05405405405405406 0.02702702702702703 0.05405405405405406 0.04054054054054054 0.04054054054054054 0.0945945945945946 0.05405405405405406 0.04054054054054054 0.02702702702702703 0.02702702702702703 0.02702702702702703 
0.061224489795918366 0.02040816326530612 0.030612244897959183 0.02040816326530612 0.030612244897959183 0.09183673469387756 0.02040816326530612 0.04081632653061224 0.04081632653061224 0.061224489795918366 0.02040816326530612 0.030612244897959183 0.02040816326530612 0.061224489795918366 0.02040816326530612 0.02040816326530612 0.061224489795918366 0.10204081632653061 0.02040816326530612 0.04081632653061224 0.030612244897959183 0.030612244897959183 0.030612244897959183 0.07142857142857142 0.02040816326530612 
0.023809523809523808 0.08333333333333333 0.023809523809523808 0.023809523809523808 0.023809523809523808 0.07142857142857142 0.047619047619047616 0.023809523809523808 0.03571428571428571 0.03571428571428571 0.05952380952380952 0.05952380952380952 0.03571428571428571 0.03571428571428571 0.047619047619047616 0.023809523809523808 0.023809523809523808 0.023809523809523808 0.023809523809523808 0.03571428571428571 0.03571428571428571 0.05952380952380952 0.023809523809523808 0.09523809523809523 0.023809523809523808 
0.01327433628318584 0.04424778761061947 0.01327433628318584 0.008849557522123894 0.017699115044247787 0.035398230088495575 0.030973451327433628 0.017699115044247787 0.008849557522123894 0.01327433628318584 0.084070796460177 0.030973451327433628 0.40707964601769914 0.008849557522123894 0.01327433628318584 0.008849557522123894 0.01327433628318584 0.008849557522123894 0.08849557522123894 0.017699115044247787 0.030973451327433628 0.022123893805309734 0.01327433628318584 0.02654867256637168 0.022123893805309734 
0.04716981132075472 0.09433962264150944 0.018867924528301886 0.02830188679245283 0.018867924528301886 0.02830188679245283 0.018867924528301886 0.03773584905660377 0.07547169811320754 0.02830188679245283 0.02830188679245283 0.02830188679245283 0.04716981132075472 0.03773584905660377 0.07547169811320754 0.018867924528301886 0.02830188679245283 0.02830188679245283 0.09433962264150944 0.02830188679245283 0.04716981132075472 0.018867924528301886 0.018867924528301886 0.0660377358490566 0.03773584905660377 
0.011363636363636364 0.011363636363636364 0.011363636363636364 0.011363636363636364 0.011363636363636364 0.011363636363636364 0.011363636363636364 0.011363636363636364 0.011363636363636364 0.011363636363636364 0.011363636363636364 0.011363636363636364 0.011363636363636364 0.011363636363636364 0.011363636363636364 0.017045454545454544 0.011363636363636364 0.011363636363636364 0.017045454545454544 0.011363636363636364 0.011363636363636364 0.011363636363636364 0.011363636363636364 0.011363636363636364 0.7159090909090909 
0.04195804195804196 0.013986013986013986 0.03496503496503497 0.013986013986013986 0.055944055944055944 0.013986013986013986 0.013986013986013986 0.013986013986013986 0.013986013986013986 0.055944055944055944 0.07692307692307693 0.013986013986013986 0.04895104895104895 0.03496503496503497 0.013986013986013986 0.013986013986013986 0.02097902097902098 0.013986013986013986 0.04195804195804196 0.027972027972027972 0.02097902097902098 0.02097902097902098 0.3356643356643357 0.02097902097902098 0.02097902097902098 
0.029411764705882353 0.029411764705882353 0.029411764705882353 0.029411764705882353 0.04411764705882353 0.029411764705882353 0.029411764705882353 0.029411764705882353 0.029411764705882353 0.04411764705882353 0.029411764705882353 0.029411764705882353 0.04411764705882353 0.029411764705882353 0.058823529411764705 0.04411764705882353 0.058823529411764705 0.029411764705882353 0.10294117647058823 0.029411764705882353 0.029411764705882353 0.029411764705882353 0.04411764705882353 0.04411764705882353 0.07352941176470588 
0.03333333333333333 0.03333333333333333 0.016666666666666666 0.03333333333333333 0.016666666666666666 0.025 0.11666666666666667 0.016666666666666666 0.03333333333333333 0.05 0.025 0.03333333333333333 0.016666666666666666 0.016666666666666666 0.025 0.016666666666666666 0.10833333333333334 0.016666666666666666 0.025 0.025 0.075 0.03333333333333333 0.025 0.14166666666666666 0.041666666666666664 
0.3804878048780488 0.02926829268292683 0.00975609756097561 0.01951219512195122 0.014634146341463415 0.00975609756097561 0.00975609756097561 0.014634146341463415 0.014634146341463415 0.02926829268292683 0.03414634146341464 0.03902439024390244 0.00975609756097561 0.014634146341463415 0.00975609756097561 0.00975609756097561 0.00975609756097561 0.00975609756097561 0.14634146341463414 0.04390243902439024 0.01951219512195122 0.024390243902439025 0.01951219512195122 0.05365853658536585 0.024390243902439025 
0.0625 0.11666666666666667 0.029166666666666667 0.008333333333333333 0.020833333333333332 0.0375 0.029166666666666667 0.0125 0.020833333333333332 0.058333333333333334 0.008333333333333333 0.10833333333333334 0.008333333333333333 0.020833333333333332 0.016666666666666666 0.0125 0.020833333333333332 0.05416666666666667 0.04583333333333333 0.0875 0.09583333333333334 0.029166666666666667 0.029166666666666667 0.041666666666666664 0.025 
0.025 0.025 0.025 0.025 0.025 0.075 0.0375 0.0375 0.0375 0.025 0.025 0.0625 0.025 0.0375 0.0375 0.025 0.0625 0.0625 0.05 0.025 0.025 0.025 0.0375 0.125 0.0375 
