0.06818181818181818 0.022727272727272728 0.06363636363636363 0.05454545454545454 0.03636363636363636 0.031818181818181815 0.01818181818181818 0.12272727272727273 0.05909090909090909 0.16363636363636364 0.10454545454545454 0.031818181818181815 0.045454545454545456 0.05 0.013636363636363636 0.05454545454545454 0.05909090909090909 
0.0379746835443038 0.05063291139240506 0.05063291139240506 0.05063291139240506 0.06329113924050633 0.02531645569620253 0.0759493670886076 0.02531645569620253 0.02531645569620253 0.0379746835443038 0.05063291139240506 0.12658227848101267 0.05063291139240506 0.10126582278481013 0.05063291139240506 0.12658227848101267 0.05063291139240506 
0.02564102564102564 0.05128205128205128 0.02564102564102564 0.02564102564102564 0.05128205128205128 0.02564102564102564 0.038461538461538464 0.02564102564102564 0.02564102564102564 0.02564102564102564 0.02564102564102564 0.05128205128205128 0.2564102564102564 0.0641025641025641 0.07692307692307693 0.02564102564102564 0.1794871794871795 
0.06060606060606061 0.030303030303030304 0.030303030303030304 0.10606060606060606 0.045454545454545456 0.045454545454545456 0.045454545454545456 0.06060606060606061 0.030303030303030304 0.07575757575757576 0.15151515151515152 0.045454545454545456 0.045454545454545456 0.045454545454545456 0.045454545454545456 0.030303030303030304 0.10606060606060606 
0.012658227848101266 0.02531645569620253 0.02531645569620253 0.569620253164557 0.02531645569620253 0.05063291139240506 0.012658227848101266 0.012658227848101266 0.02531645569620253 0.05063291139240506 0.0189873417721519 0.0189873417721519 0.012658227848101266 0.06962025316455696 0.03164556962025317 0.0189873417721519 0.0189873417721519 
0.03614457831325301 0.024096385542168676 0.03614457831325301 0.060240963855421686 0.0963855421686747 0.07228915662650602 0.04819277108433735 0.024096385542168676 0.12048192771084337 0.060240963855421686 0.03614457831325301 0.060240963855421686 0.060240963855421686 0.04819277108433735 0.10843373493975904 0.024096385542168676 0.08433734939759036 
0.04838709677419355 0.06451612903225806 0.03225806451612903 0.06451612903225806 0.03225806451612903 0.04838709677419355 0.03225806451612903 0.03225806451612903 0.14516129032258066 0.08064516129032258 0.04838709677419355 0.03225806451612903 0.03225806451612903 0.08064516129032258 0.12903225806451613 0.03225806451612903 0.06451612903225806 
0.028037383177570093 0.04672897196261682 0.037383177570093455 0.037383177570093455 0.018691588785046728 0.028037383177570093 0.028037383177570093 0.028037383177570093 0.028037383177570093 0.18691588785046728 0.14953271028037382 0.1308411214953271 0.07476635514018691 0.018691588785046728 0.04672897196261682 0.04672897196261682 0.06542056074766354 
0.8598130841121495 0.006230529595015576 0.009345794392523364 0.01557632398753894 0.006230529595015576 0.006230529595015576 0.006230529595015576 0.01557632398753894 0.006230529595015576 0.009345794392523364 0.012461059190031152 0.009345794392523364 0.006230529595015576 0.009345794392523364 0.009345794392523364 0.006230529595015576 0.006230529595015576 
0.019230769230769232 0.028846153846153848 0.18269230769230768 0.04807692307692308 0.019230769230769232 0.028846153846153848 0.028846153846153848 0.019230769230769232 0.057692307692307696 0.057692307692307696 0.057692307692307696 0.04807692307692308 0.019230769230769232 0.057692307692307696 0.04807692307692308 0.057692307692307696 0.22115384615384615 
0.8325123152709359 0.009852216748768473 0.009852216748768473 0.009852216748768473 0.009852216748768473 0.009852216748768473 0.009852216748768473 0.014778325123152709 0.009852216748768473 0.009852216748768473 0.009852216748768473 0.009852216748768473 0.009852216748768473 0.014778325123152709 0.009852216748768473 0.009852216748768473 0.009852216748768473 
0.05172413793103448 0.10344827586206896 0.10344827586206896 0.06896551724137931 0.034482758620689655 0.05172413793103448 0.034482758620689655 0.034482758620689655 0.05172413793103448 0.034482758620689655 0.08620689655172414 0.13793103448275862 0.05172413793103448 0.034482758620689655 0.034482758620689655 0.034482758620689655 0.05172413793103448 
0.02564102564102564 0.038461538461538464 0.05128205128205128 0.0641025641025641 0.20512820512820512 0.08974358974358974 0.02564102564102564 0.02564102564102564 0.0641025641025641 0.0641025641025641 0.02564102564102564 0.05128205128205128 0.02564102564102564 0.05128205128205128 0.038461538461538464 0.02564102564102564 0.1282051282051282 
0.02127659574468085 0.0425531914893617 0.02127659574468085 0.24468085106382978 0.24468085106382978 0.02127659574468085 0.031914893617021274 0.031914893617021274 0.02127659574468085 0.06382978723404255 0.031914893617021274 0.031914893617021274 0.031914893617021274 0.02127659574468085 0.02127659574468085 0.0425531914893617 0.07446808510638298 
0.0273972602739726 0.0273972602739726 0.0547945205479452 0.0273972602739726 0.3835616438356164 0.0410958904109589 0.0273972602739726 0.0410958904109589 0.0273972602739726 0.0410958904109589 0.0273972602739726 0.0273972602739726 0.0273972602739726 0.0410958904109589 0.0410958904109589 0.0273972602739726 0.1095890410958904 
0.03333333333333333 0.03333333333333333 0.05 0.06666666666666667 0.03333333333333333 0.03333333333333333 0.05 0.03333333333333333 0.05 0.03333333333333333 0.06666666666666667 0.13333333333333333 0.03333333333333333 0.15 0.08333333333333333 0.05 0.06666666666666667 
0.019417475728155338 0.03398058252427184 0.019417475728155338 0.009708737864077669 0.10679611650485436 0.024271844660194174 0.014563106796116505 0.009708737864077669 0.009708737864077669 0.05339805825242718 0.009708737864077669 0.587378640776699 0.024271844660194174 0.019417475728155338 0.03398058252427184 0.009708737864077669 0.014563106796116505 
0.0425531914893617 0.06382978723404255 0.10638297872340426 0.0425531914893617 0.0425531914893617 0.06382978723404255 0.0425531914893617 0.0425531914893617 0.0425531914893617 0.10638297872340426 0.0425531914893617 0.06382978723404255 0.0425531914893617 0.06382978723404255 0.06382978723404255 0.06382978723404255 0.06382978723404255 
0.022988505747126436 0.022988505747126436 0.06896551724137931 0.05747126436781609 0.09195402298850575 0.022988505747126436 0.022988505747126436 0.022988505747126436 0.04597701149425287 0.04597701149425287 0.034482758620689655 0.022988505747126436 0.034482758620689655 0.08045977011494253 0.21839080459770116 0.04597701149425287 0.13793103448275862 
0.00946372239747634 0.00946372239747634 0.006309148264984227 0.015772870662460567 0.00946372239747634 0.006309148264984227 0.006309148264984227 0.00946372239747634 0.006309148264984227 0.00946372239747634 0.006309148264984227 0.006309148264984227 0.006309148264984227 0.8580441640378549 0.006309148264984227 0.006309148264984227 0.022082018927444796 
0.0068143100511073255 0.013628620102214651 0.0068143100511073255 0.018739352640545145 0.028960817717206135 0.022146507666098807 0.018739352640545145 0.06643952299829642 0.022146507666098807 0.05110732538330494 0.0034071550255536627 0.018739352640545145 0.013628620102214651 0.008517887563884156 0.027257240204429302 0.6609880749574105 0.01192504258943782 
0.014388489208633094 0.02158273381294964 0.03597122302158273 0.02158273381294964 0.014388489208633094 0.02158273381294964 0.014388489208633094 0.02877697841726619 0.06474820143884892 0.03597122302158273 0.11510791366906475 0.02158273381294964 0.05755395683453238 0.02877697841726619 0.014388489208633094 0.4748201438848921 0.014388489208633094 
0.02531645569620253 0.06329113924050633 0.21518987341772153 0.06329113924050633 0.10126582278481013 0.06329113924050633 0.02531645569620253 0.02531645569620253 0.02531645569620253 0.02531645569620253 0.02531645569620253 0.06329113924050633 0.05063291139240506 0.05063291139240506 0.0379746835443038 0.02531645569620253 0.11392405063291139 
0.02830188679245283 0.04716981132075472 0.02830188679245283 0.018867924528301886 0.0660377358490566 0.03773584905660377 0.018867924528301886 0.02830188679245283 0.018867924528301886 0.05660377358490566 0.018867924528301886 0.5 0.018867924528301886 0.03773584905660377 0.03773584905660377 0.018867924528301886 0.018867924528301886 
0.011363636363636364 0.6818181818181818 0.017045454545454544 0.011363636363636364 0.011363636363636364 0.011363636363636364 0.011363636363636364 0.011363636363636364 0.011363636363636364 0.022727272727272728 0.03977272727272727 0.017045454545454544 0.011363636363636364 0.03409090909090909 0.017045454545454544 0.017045454545454544 0.0625 
0.026785714285714284 0.16071428571428573 0.4375 0.044642857142857144 0.026785714285714284 0.017857142857142856 0.026785714285714284 0.017857142857142856 0.017857142857142856 0.026785714285714284 0.017857142857142856 0.017857142857142856 0.026785714285714284 0.03571428571428571 0.026785714285714284 0.017857142857142856 0.05357142857142857 
0.05970149253731343 0.07462686567164178 0.04477611940298507 0.04477611940298507 0.029850746268656716 0.07462686567164178 0.04477611940298507 0.05970149253731343 0.029850746268656716 0.05970149253731343 0.07462686567164178 0.1791044776119403 0.04477611940298507 0.05970149253731343 0.04477611940298507 0.029850746268656716 0.04477611940298507 
0.01680672268907563 0.08403361344537816 0.04201680672268908 0.12605042016806722 0.04201680672268908 0.05042016806722689 0.03361344537815126 0.025210084033613446 0.03361344537815126 0.10084033613445378 0.04201680672268908 0.15966386554621848 0.05042016806722689 0.058823529411764705 0.05042016806722689 0.03361344537815126 0.05042016806722689 
0.025974025974025976 0.03896103896103896 0.2727272727272727 0.05194805194805195 0.05194805194805195 0.025974025974025976 0.025974025974025976 0.025974025974025976 0.03896103896103896 0.03896103896103896 0.025974025974025976 0.1038961038961039 0.025974025974025976 0.025974025974025976 0.06493506493506493 0.025974025974025976 0.12987012987012986 
0.037037037037037035 0.018518518518518517 0.037037037037037035 0.08641975308641975 0.16666666666666666 0.037037037037037035 0.024691358024691357 0.018518518518518517 0.037037037037037035 0.08641975308641975 0.08024691358024691 0.09876543209876543 0.043209876543209874 0.04938271604938271 0.05555555555555555 0.018518518518518517 0.10493827160493827 
0.006172839506172839 0.040123456790123455 0.037037037037037035 0.027777777777777776 0.04938271604938271 0.07098765432098765 0.018518518518518517 0.009259259259259259 0.015432098765432098 0.05864197530864197 0.024691358024691357 0.26851851851851855 0.018518518518518517 0.07716049382716049 0.09259259259259259 0.030864197530864196 0.15432098765432098 
0.04065040650406504 0.032520325203252036 0.032520325203252036 0.06504065040650407 0.34959349593495936 0.08130081300813008 0.032520325203252036 0.024390243902439025 0.024390243902439025 0.06504065040650407 0.024390243902439025 0.016260162601626018 0.04065040650406504 0.024390243902439025 0.10569105691056911 0.024390243902439025 0.016260162601626018 
0.015748031496062992 0.015748031496062992 0.023622047244094488 0.015748031496062992 0.015748031496062992 0.015748031496062992 0.023622047244094488 0.015748031496062992 0.023622047244094488 0.015748031496062992 0.7007874015748031 0.031496062992125984 0.015748031496062992 0.015748031496062992 0.015748031496062992 0.015748031496062992 0.023622047244094488 
0.02247191011235955 0.0898876404494382 0.033707865168539325 0.3595505617977528 0.02247191011235955 0.033707865168539325 0.02247191011235955 0.02247191011235955 0.033707865168539325 0.06741573033707865 0.033707865168539325 0.056179775280898875 0.02247191011235955 0.02247191011235955 0.033707865168539325 0.033707865168539325 0.0898876404494382 
0.01606425702811245 0.024096385542168676 0.07630522088353414 0.012048192771084338 0.008032128514056224 0.012048192771084338 0.0642570281124498 0.5622489959839357 0.024096385542168676 0.012048192771084338 0.024096385542168676 0.03614457831325301 0.020080321285140562 0.028112449799196786 0.020080321285140562 0.024096385542168676 0.03614457831325301 
0.05185185185185185 0.08888888888888889 0.014814814814814815 0.02962962962962963 0.1111111111111111 0.07407407407407407 0.02962962962962963 0.014814814814814815 0.014814814814814815 0.05925925925925926 0.022222222222222223 0.044444444444444446 0.014814814814814815 0.05925925925925926 0.05185185185185185 0.014814814814814815 0.3037037037037037 
0.006118881118881119 0.0026223776223776225 0.004370629370629371 0.0017482517482517483 0.007867132867132868 0.9274475524475524 0.005244755244755245 0.0017482517482517483 0.0017482517482517483 0.006118881118881119 0.0017482517482517483 0.0026223776223776225 0.006118881118881119 0.009615384615384616 0.01048951048951049 0.0017482517482517483 0.0026223776223776225 
0.05434782608695652 0.021739130434782608 0.043478260869565216 0.043478260869565216 0.043478260869565216 0.03260869565217391 0.021739130434782608 0.07608695652173914 0.09782608695652174 0.043478260869565216 0.15217391304347827 0.07608695652173914 0.07608695652173914 0.06521739130434782 0.07608695652173914 0.043478260869565216 0.03260869565217391 
0.03529411764705882 0.03529411764705882 0.03529411764705882 0.03529411764705882 0.4117647058823529 0.03529411764705882 0.03529411764705882 0.047058823529411764 0.047058823529411764 0.03529411764705882 0.047058823529411764 0.03529411764705882 0.03529411764705882 0.047058823529411764 0.023529411764705882 0.023529411764705882 0.03529411764705882 
0.8078817733990148 0.009852216748768473 0.009852216748768473 0.024630541871921183 0.009852216748768473 0.009852216748768473 0.014778325123152709 0.014778325123152709 0.009852216748768473 0.009852216748768473 0.019704433497536946 0.009852216748768473 0.009852216748768473 0.009852216748768473 0.009852216748768473 0.009852216748768473 0.009852216748768473 
0.022222222222222223 0.044444444444444446 0.15555555555555556 0.044444444444444446 0.044444444444444446 0.05555555555555555 0.03333333333333333 0.044444444444444446 0.05555555555555555 0.044444444444444446 0.1111111111111111 0.03333333333333333 0.022222222222222223 0.06666666666666667 0.044444444444444446 0.08888888888888889 0.08888888888888889 
0.05172413793103448 0.034482758620689655 0.05172413793103448 0.06896551724137931 0.1206896551724138 0.034482758620689655 0.05172413793103448 0.06896551724137931 0.034482758620689655 0.05172413793103448 0.05172413793103448 0.034482758620689655 0.034482758620689655 0.034482758620689655 0.05172413793103448 0.034482758620689655 0.1896551724137931 
0.004149377593360996 0.005532503457814661 0.004149377593360996 0.004149377593360996 0.006915629322268326 0.009681881051175657 0.009681881051175657 0.004149377593360996 0.8976486860304288 0.006915629322268326 0.0027662517289073307 0.008298755186721992 0.004149377593360996 0.004149377593360996 0.005532503457814661 0.006915629322268326 0.015214384508990318 
0.014018691588785047 0.06542056074766354 0.018691588785046728 0.056074766355140186 0.1261682242990654 0.018691588785046728 0.02336448598130841 0.02336448598130841 0.018691588785046728 0.03271028037383177 0.009345794392523364 0.014018691588785047 0.018691588785046728 0.04672897196261682 0.48598130841121495 0.009345794392523364 0.018691588785046728 
0.0273972602739726 0.0273972602739726 0.0821917808219178 0.0410958904109589 0.2465753424657534 0.0821917808219178 0.0410958904109589 0.0410958904109589 0.0410958904109589 0.0821917808219178 0.0273972602739726 0.0410958904109589 0.0410958904109589 0.0547945205479452 0.0410958904109589 0.0273972602739726 0.0547945205479452 
0.005797101449275362 0.03768115942028986 0.7971014492753623 0.017391304347826087 0.005797101449275362 0.011594202898550725 0.011594202898550725 0.008695652173913044 0.005797101449275362 0.011594202898550725 0.011594202898550725 0.011594202898550725 0.008695652173913044 0.005797101449275362 0.005797101449275362 0.017391304347826087 0.02608695652173913 
0.0125 0.7875 0.0125 0.01875 0.0125 0.0125 0.0125 0.0125 0.0125 0.0125 0.0125 0.0125 0.01875 0.0125 0.0125 0.0125 0.0125 
0.036585365853658534 0.024390243902439025 0.06097560975609756 0.036585365853658534 0.07317073170731707 0.036585365853658534 0.06097560975609756 0.036585365853658534 0.024390243902439025 0.024390243902439025 0.036585365853658534 0.04878048780487805 0.036585365853658534 0.036585365853658534 0.036585365853658534 0.024390243902439025 0.36585365853658536 
0.03361344537815126 0.025210084033613446 0.058823529411764705 0.05042016806722689 0.1092436974789916 0.025210084033613446 0.03361344537815126 0.01680672268907563 0.01680672268907563 0.06722689075630252 0.01680672268907563 0.13445378151260504 0.05042016806722689 0.07563025210084033 0.11764705882352941 0.03361344537815126 0.13445378151260504 
0.014285714285714285 0.05714285714285714 0.014285714285714285 0.06428571428571428 0.05 0.02142857142857143 0.02857142857142857 0.014285714285714285 0.02857142857142857 0.02857142857142857 0.014285714285714285 0.03571428571428571 0.02142857142857143 0.07142857142857142 0.02857142857142857 0.014285714285714285 0.4928571428571429 
0.01276595744680851 0.03829787234042553 0.03829787234042553 0.029787234042553193 0.08936170212765958 0.02553191489361702 0.03829787234042553 0.2936170212765957 0.01702127659574468 0.03404255319148936 0.0851063829787234 0.10212765957446808 0.029787234042553193 0.01702127659574468 0.06382978723404255 0.03404255319148936 0.05106382978723404 
0.027777777777777776 0.027777777777777776 0.041666666666666664 0.08333333333333333 0.041666666666666664 0.041666666666666664 0.08333333333333333 0.041666666666666664 0.041666666666666664 0.027777777777777776 0.05555555555555555 0.20833333333333334 0.06944444444444445 0.041666666666666664 0.08333333333333333 0.041666666666666664 0.041666666666666664 
0.04 0.06 0.05 0.07 0.18 0.03 0.02 0.02 0.04 0.04 0.04 0.1 0.06 0.02 0.04 0.05 0.14 
0.015748031496062992 0.031496062992125984 0.015748031496062992 0.015748031496062992 0.023622047244094488 0.015748031496062992 0.015748031496062992 0.015748031496062992 0.015748031496062992 0.031496062992125984 0.6850393700787402 0.015748031496062992 0.023622047244094488 0.023622047244094488 0.015748031496062992 0.015748031496062992 0.023622047244094488 
0.04411764705882353 0.03676470588235294 0.0661764705882353 0.04411764705882353 0.03676470588235294 0.014705882352941176 0.022058823529411766 0.029411764705882353 0.10294117647058823 0.022058823529411766 0.09558823529411764 0.23529411764705882 0.051470588235294115 0.09558823529411764 0.03676470588235294 0.014705882352941176 0.051470588235294115 
0.11494252873563218 0.04597701149425287 0.022988505747126436 0.022988505747126436 0.034482758620689655 0.05747126436781609 0.034482758620689655 0.022988505747126436 0.022988505747126436 0.05747126436781609 0.04597701149425287 0.11494252873563218 0.034482758620689655 0.06896551724137931 0.09195402298850575 0.06896551724137931 0.13793103448275862 
0.021505376344086023 0.021505376344086023 0.021505376344086023 0.5806451612903226 0.03225806451612903 0.021505376344086023 0.03225806451612903 0.021505376344086023 0.03225806451612903 0.021505376344086023 0.03225806451612903 0.03225806451612903 0.03225806451612903 0.03225806451612903 0.021505376344086023 0.021505376344086023 0.021505376344086023 
0.025974025974025976 0.03896103896103896 0.03896103896103896 0.05194805194805195 0.24675324675324675 0.05194805194805195 0.03896103896103896 0.03896103896103896 0.03896103896103896 0.03896103896103896 0.025974025974025976 0.09090909090909091 0.03896103896103896 0.05194805194805195 0.05194805194805195 0.025974025974025976 0.1038961038961039 
0.06741573033707865 0.033707865168539325 0.033707865168539325 0.02247191011235955 0.056179775280898875 0.056179775280898875 0.06741573033707865 0.06741573033707865 0.06741573033707865 0.033707865168539325 0.14606741573033707 0.056179775280898875 0.056179775280898875 0.033707865168539325 0.02247191011235955 0.056179775280898875 0.12359550561797752 
0.034722222222222224 0.0763888888888889 0.013888888888888888 0.10416666666666667 0.027777777777777776 0.020833333333333332 0.034722222222222224 0.027777777777777776 0.013888888888888888 0.22916666666666666 0.06944444444444445 0.020833333333333332 0.06944444444444445 0.041666666666666664 0.041666666666666664 0.0625 0.1111111111111111 
0.03821656050955414 0.10191082802547771 0.05732484076433121 0.050955414012738856 0.11464968152866242 0.06369426751592357 0.025477707006369428 0.025477707006369428 0.012738853503184714 0.025477707006369428 0.07006369426751592 0.05732484076433121 0.025477707006369428 0.07643312101910828 0.14012738853503184 0.01910828025477707 0.09554140127388536 
0.06578947368421052 0.07894736842105263 0.02631578947368421 0.05263157894736842 0.15789473684210525 0.039473684210526314 0.05263157894736842 0.02631578947368421 0.039473684210526314 0.039473684210526314 0.05263157894736842 0.039473684210526314 0.02631578947368421 0.039473684210526314 0.039473684210526314 0.05263157894736842 0.17105263157894737 
0.017964071856287425 0.029940119760479042 0.08383233532934131 0.1437125748502994 0.029940119760479042 0.08383233532934131 0.029940119760479042 0.011976047904191617 0.03592814371257485 0.059880239520958084 0.011976047904191617 0.12574850299401197 0.041916167664670656 0.08982035928143713 0.07784431137724551 0.017964071856287425 0.10778443113772455 
0.04854368932038835 0.02912621359223301 0.05825242718446602 0.038834951456310676 0.11650485436893204 0.07766990291262135 0.02912621359223301 0.019417475728155338 0.038834951456310676 0.1262135922330097 0.019417475728155338 0.04854368932038835 0.05825242718446602 0.07766990291262135 0.14563106796116504 0.02912621359223301 0.038834951456310676 
0.04411764705882353 0.029411764705882353 0.029411764705882353 0.029411764705882353 0.04411764705882353 0.029411764705882353 0.029411764705882353 0.029411764705882353 0.029411764705882353 0.029411764705882353 0.04411764705882353 0.029411764705882353 0.029411764705882353 0.04411764705882353 0.04411764705882353 0.029411764705882353 0.45588235294117646 
0.08108108108108109 0.10810810810810811 0.02702702702702703 0.08108108108108109 0.10810810810810811 0.05405405405405406 0.04054054054054054 0.02702702702702703 0.02702702702702703 0.16216216216216217 0.02702702702702703 0.04054054054054054 0.02702702702702703 0.08108108108108109 0.05405405405405406 0.02702702702702703 0.02702702702702703 
0.10344827586206896 0.034482758620689655 0.034482758620689655 0.08620689655172414 0.034482758620689655 0.10344827586206896 0.06896551724137931 0.034482758620689655 0.08620689655172414 0.05172413793103448 0.05172413793103448 0.05172413793103448 0.034482758620689655 0.06896551724137931 0.05172413793103448 0.034482758620689655 0.06896551724137931 
0.036585365853658534 0.036585365853658534 0.06097560975609756 0.07317073170731707 0.024390243902439025 0.12195121951219512 0.024390243902439025 0.024390243902439025 0.024390243902439025 0.08536585365853659 0.06097560975609756 0.17073170731707318 0.04878048780487805 0.024390243902439025 0.036585365853658534 0.036585365853658534 0.10975609756097561 
0.029411764705882353 0.04411764705882353 0.07352941176470588 0.04411764705882353 0.029411764705882353 0.04411764705882353 0.029411764705882353 0.029411764705882353 0.029411764705882353 0.1323529411764706 0.14705882352941177 0.1323529411764706 0.04411764705882353 0.029411764705882353 0.10294117647058823 0.029411764705882353 0.029411764705882353 
0.009523809523809525 0.0380952380952381 0.023809523809523808 0.06666666666666667 0.49047619047619045 0.04285714285714286 0.009523809523809525 0.009523809523809525 0.014285714285714285 0.10476190476190476 0.05238095238095238 0.023809523809523808 0.01904761904761905 0.023809523809523808 0.0380952380952381 0.009523809523809525 0.023809523809523808 
0.044444444444444446 0.03333333333333333 0.05555555555555555 0.022222222222222223 0.07777777777777778 0.044444444444444446 0.044444444444444446 0.022222222222222223 0.05555555555555555 0.044444444444444446 0.1 0.14444444444444443 0.022222222222222223 0.12222222222222222 0.044444444444444446 0.022222222222222223 0.1 
0.0125 0.775 0.0125 0.01875 0.0125 0.0125 0.01875 0.0125 0.0125 0.0125 0.0125 0.01875 0.0125 0.0125 0.0125 0.0125 0.01875 
0.015748031496062992 0.031496062992125984 0.031496062992125984 0.4330708661417323 0.047244094488188976 0.05511811023622047 0.023622047244094488 0.015748031496062992 0.031496062992125984 0.047244094488188976 0.015748031496062992 0.047244094488188976 0.09448818897637795 0.023622047244094488 0.015748031496062992 0.031496062992125984 0.03937007874015748 
0.038461538461538464 0.09615384615384616 0.038461538461538464 0.07692307692307693 0.09615384615384616 0.057692307692307696 0.07692307692307693 0.057692307692307696 0.07692307692307693 0.057692307692307696 0.038461538461538464 0.07692307692307693 0.057692307692307696 0.038461538461538464 0.038461538461538464 0.038461538461538464 0.038461538461538464 
0.038461538461538464 0.057692307692307696 0.038461538461538464 0.04807692307692308 0.038461538461538464 0.04807692307692308 0.019230769230769232 0.028846153846153848 0.04807692307692308 0.057692307692307696 0.22115384615384615 0.16346153846153846 0.04807692307692308 0.038461538461538464 0.019230769230769232 0.028846153846153848 0.057692307692307696 
0.015873015873015872 0.026455026455026454 0.010582010582010581 0.021164021164021163 0.24867724867724866 0.042328042328042326 0.015873015873015872 0.010582010582010581 0.037037037037037035 0.07936507936507936 0.015873015873015872 0.3544973544973545 0.042328042328042326 0.031746031746031744 0.010582010582010581 0.021164021164021163 0.015873015873015872 
0.022321428571428572 0.044642857142857144 0.008928571428571428 0.06696428571428571 0.022321428571428572 0.15625 0.0625 0.017857142857142856 0.03125 0.125 0.026785714285714284 0.04017857142857143 0.008928571428571428 0.13839285714285715 0.14285714285714285 0.017857142857142856 0.06696428571428571 
0.03125 0.0625 0.078125 0.03125 0.046875 0.0625 0.03125 0.03125 0.046875 0.046875 0.03125 0.140625 0.046875 0.0625 0.0625 0.03125 0.15625 
0.05970149253731343 0.04477611940298507 0.04477611940298507 0.029850746268656716 0.029850746268656716 0.1044776119402985 0.04477611940298507 0.04477611940298507 0.07462686567164178 0.07462686567164178 0.04477611940298507 0.029850746268656716 0.029850746268656716 0.07462686567164178 0.13432835820895522 0.04477611940298507 0.08955223880597014 
0.017241379310344827 0.02586206896551724 0.603448275862069 0.017241379310344827 0.034482758620689655 0.034482758620689655 0.017241379310344827 0.02586206896551724 0.017241379310344827 0.017241379310344827 0.017241379310344827 0.02586206896551724 0.017241379310344827 0.017241379310344827 0.034482758620689655 0.017241379310344827 0.0603448275862069 
0.0410958904109589 0.0273972602739726 0.0410958904109589 0.1095890410958904 0.1095890410958904 0.0547945205479452 0.0410958904109589 0.0273972602739726 0.0821917808219178 0.0273972602739726 0.0273972602739726 0.0273972602739726 0.0821917808219178 0.0821917808219178 0.136986301369863 0.0273972602739726 0.0547945205479452 
0.029411764705882353 0.10294117647058823 0.058823529411764705 0.04411764705882353 0.029411764705882353 0.08823529411764706 0.029411764705882353 0.029411764705882353 0.029411764705882353 0.058823529411764705 0.058823529411764705 0.10294117647058823 0.10294117647058823 0.029411764705882353 0.10294117647058823 0.029411764705882353 0.07352941176470588 
0.017094017094017096 0.05128205128205128 0.05128205128205128 0.06837606837606838 0.13675213675213677 0.017094017094017096 0.02564102564102564 0.017094017094017096 0.017094017094017096 0.07692307692307693 0.06837606837606838 0.05128205128205128 0.05982905982905983 0.1282051282051282 0.10256410256410256 0.05128205128205128 0.05982905982905983 
0.06060606060606061 0.18181818181818182 0.07575757575757576 0.06060606060606061 0.030303030303030304 0.045454545454545456 0.06060606060606061 0.030303030303030304 0.045454545454545456 0.045454545454545456 0.030303030303030304 0.06060606060606061 0.045454545454545456 0.06060606060606061 0.06060606060606061 0.045454545454545456 0.06060606060606061 
0.031746031746031744 0.031746031746031744 0.031746031746031744 0.047619047619047616 0.09523809523809523 0.031746031746031744 0.06349206349206349 0.031746031746031744 0.047619047619047616 0.06349206349206349 0.12698412698412698 0.09523809523809523 0.031746031746031744 0.047619047619047616 0.12698412698412698 0.031746031746031744 0.06349206349206349 
0.041237113402061855 0.030927835051546393 0.020618556701030927 0.05154639175257732 0.030927835051546393 0.05154639175257732 0.020618556701030927 0.030927835051546393 0.041237113402061855 0.020618556701030927 0.020618556701030927 0.041237113402061855 0.5051546391752577 0.020618556701030927 0.030927835051546393 0.020618556701030927 0.020618556701030927 
0.05555555555555555 0.041666666666666664 0.08333333333333333 0.041666666666666664 0.18055555555555555 0.08333333333333333 0.027777777777777776 0.027777777777777776 0.08333333333333333 0.027777777777777776 0.027777777777777776 0.027777777777777776 0.041666666666666664 0.06944444444444445 0.027777777777777776 0.027777777777777776 0.125 
0.04 0.05333333333333334 0.02666666666666667 0.06666666666666667 0.24 0.05333333333333334 0.04 0.04 0.06666666666666667 0.05333333333333334 0.05333333333333334 0.02666666666666667 0.02666666666666667 0.05333333333333334 0.02666666666666667 0.04 0.09333333333333334 
0.016717325227963525 0.016717325227963525 0.00911854103343465 0.010638297872340425 0.05167173252279635 0.0547112462006079 0.05015197568389058 0.4194528875379939 0.00303951367781155 0.034954407294832825 0.015197568389057751 0.07446808510638298 0.11246200607902736 0.013677811550151976 0.07750759878419453 0.0060790273556231 0.03343465045592705 
0.04017857142857143 0.026785714285714284 0.008928571428571428 0.017857142857142856 0.013392857142857142 0.008928571428571428 0.04017857142857143 0.45089285714285715 0.03125 0.03125 0.017857142857142856 0.20982142857142858 0.008928571428571428 0.008928571428571428 0.044642857142857144 0.026785714285714284 0.013392857142857142 
0.075 0.075 0.025 0.09166666666666666 0.06666666666666667 0.03333333333333333 0.03333333333333333 0.025 0.016666666666666666 0.1 0.041666666666666664 0.125 0.025 0.05 0.13333333333333333 0.025 0.058333333333333334 
0.028169014084507043 0.04225352112676056 0.09859154929577464 0.04225352112676056 0.08450704225352113 0.056338028169014086 0.028169014084507043 0.04225352112676056 0.028169014084507043 0.04225352112676056 0.07042253521126761 0.056338028169014086 0.04225352112676056 0.07042253521126761 0.07042253521126761 0.028169014084507043 0.16901408450704225 
0.0472972972972973 0.0472972972972973 0.02027027027027027 0.10135135135135136 0.1554054054054054 0.060810810810810814 0.0472972972972973 0.013513513513513514 0.013513513513513514 0.04054054054054054 0.07432432432432433 0.07432432432432433 0.02027027027027027 0.033783783783783786 0.02027027027027027 0.013513513513513514 0.21621621621621623 
0.04 0.04 0.08 0.05333333333333334 0.02666666666666667 0.06666666666666667 0.05333333333333334 0.02666666666666667 0.06666666666666667 0.05333333333333334 0.02666666666666667 0.10666666666666667 0.06666666666666667 0.04 0.08 0.02666666666666667 0.14666666666666667 
0.0125 0.7875 0.0125 0.0125 0.0125 0.0125 0.0125 0.0125 0.0125 0.0125 0.01875 0.0125 0.0125 0.0125 0.0125 0.0125 0.01875 
0.03225806451612903 0.03225806451612903 0.021505376344086023 0.043010752688172046 0.46236559139784944 0.03225806451612903 0.053763440860215055 0.021505376344086023 0.03225806451612903 0.053763440860215055 0.03225806451612903 0.021505376344086023 0.03225806451612903 0.03225806451612903 0.021505376344086023 0.03225806451612903 0.043010752688172046 
0.04838709677419355 0.04838709677419355 0.04838709677419355 0.04838709677419355 0.03225806451612903 0.08064516129032258 0.04838709677419355 0.03225806451612903 0.16129032258064516 0.0967741935483871 0.03225806451612903 0.04838709677419355 0.03225806451612903 0.04838709677419355 0.08064516129032258 0.04838709677419355 0.06451612903225806 
0.034482758620689655 0.034482758620689655 0.05172413793103448 0.034482758620689655 0.10344827586206896 0.05172413793103448 0.034482758620689655 0.034482758620689655 0.034482758620689655 0.06896551724137931 0.05172413793103448 0.1206896551724138 0.05172413793103448 0.10344827586206896 0.06896551724137931 0.034482758620689655 0.08620689655172414 
0.01910828025477707 0.025477707006369428 0.03184713375796178 0.5732484076433121 0.08917197452229299 0.012738853503184714 0.025477707006369428 0.01910828025477707 0.01910828025477707 0.025477707006369428 0.01910828025477707 0.012738853503184714 0.012738853503184714 0.012738853503184714 0.012738853503184714 0.012738853503184714 0.07643312101910828 
0.05333333333333334 0.08 0.05333333333333334 0.04 0.09333333333333334 0.06666666666666667 0.04 0.02666666666666667 0.05333333333333334 0.04 0.08 0.09333333333333334 0.05333333333333334 0.04 0.09333333333333334 0.05333333333333334 0.04 
0.04938271604938271 0.024691358024691357 0.16049382716049382 0.08641975308641975 0.024691358024691357 0.024691358024691357 0.04938271604938271 0.024691358024691357 0.037037037037037035 0.06172839506172839 0.09876543209876543 0.06172839506172839 0.04938271604938271 0.06172839506172839 0.06172839506172839 0.024691358024691357 0.09876543209876543 
0.045454545454545456 0.030303030303030304 0.045454545454545456 0.07575757575757576 0.2878787878787879 0.045454545454545456 0.030303030303030304 0.06060606060606061 0.030303030303030304 0.045454545454545456 0.045454545454545456 0.07575757575757576 0.030303030303030304 0.045454545454545456 0.045454545454545456 0.030303030303030304 0.030303030303030304 
0.03278688524590164 0.09836065573770492 0.04918032786885246 0.11475409836065574 0.14754098360655737 0.04918032786885246 0.03278688524590164 0.03278688524590164 0.04918032786885246 0.03278688524590164 0.03278688524590164 0.03278688524590164 0.04918032786885246 0.04918032786885246 0.13114754098360656 0.03278688524590164 0.03278688524590164 
0.025 0.03333333333333333 0.058333333333333334 0.5166666666666667 0.041666666666666664 0.016666666666666666 0.025 0.016666666666666666 0.016666666666666666 0.058333333333333334 0.041666666666666664 0.016666666666666666 0.025 0.025 0.025 0.041666666666666664 0.016666666666666666 
0.030612244897959183 0.030612244897959183 0.030612244897959183 0.030612244897959183 0.04081632653061224 0.030612244897959183 0.04081632653061224 0.02040816326530612 0.030612244897959183 0.4387755102040816 0.07142857142857142 0.05102040816326531 0.02040816326530612 0.030612244897959183 0.02040816326530612 0.02040816326530612 0.061224489795918366 
0.041237113402061855 0.05154639175257732 0.05154639175257732 0.12371134020618557 0.09278350515463918 0.030927835051546393 0.020618556701030927 0.020618556701030927 0.08247422680412371 0.08247422680412371 0.041237113402061855 0.07216494845360824 0.020618556701030927 0.08247422680412371 0.030927835051546393 0.08247422680412371 0.07216494845360824 
0.03225806451612903 0.04838709677419355 0.06451612903225806 0.08064516129032258 0.08064516129032258 0.08064516129032258 0.03225806451612903 0.08064516129032258 0.04838709677419355 0.06451612903225806 0.03225806451612903 0.0967741935483871 0.03225806451612903 0.03225806451612903 0.04838709677419355 0.08064516129032258 0.06451612903225806 
0.015267175572519083 0.061068702290076333 0.030534351145038167 0.08396946564885496 0.11450381679389313 0.08396946564885496 0.015267175572519083 0.022900763358778626 0.015267175572519083 0.030534351145038167 0.022900763358778626 0.07633587786259542 0.061068702290076333 0.07633587786259542 0.1984732824427481 0.05343511450381679 0.03816793893129771 
0.023529411764705882 0.07058823529411765 0.03529411764705882 0.03529411764705882 0.023529411764705882 0.047058823529411764 0.03529411764705882 0.023529411764705882 0.023529411764705882 0.10588235294117647 0.023529411764705882 0.24705882352941178 0.07058823529411765 0.07058823529411765 0.023529411764705882 0.023529411764705882 0.11764705882352941 
0.058823529411764705 0.027450980392156862 0.0392156862745098 0.00784313725490196 0.03529411764705882 0.00784313725490196 0.0784313725490196 0.47843137254901963 0.03529411764705882 0.0196078431372549 0.027450980392156862 0.047058823529411764 0.0196078431372549 0.03529411764705882 0.03529411764705882 0.027450980392156862 0.0196078431372549 
0.0410958904109589 0.0410958904109589 0.0273972602739726 0.0273972602739726 0.4383561643835616 0.0273972602739726 0.0273972602739726 0.0273972602739726 0.0273972602739726 0.0273972602739726 0.0273972602739726 0.0273972602739726 0.0273972602739726 0.0273972602739726 0.0410958904109589 0.0273972602739726 0.1095890410958904 
0.7941176470588235 0.012605042016806723 0.01680672268907563 0.008403361344537815 0.01680672268907563 0.029411764705882353 0.008403361344537815 0.008403361344537815 0.008403361344537815 0.01680672268907563 0.012605042016806723 0.012605042016806723 0.008403361344537815 0.012605042016806723 0.01680672268907563 0.008403361344537815 0.008403361344537815 
0.08490566037735849 0.02830188679245283 0.05660377358490566 0.11320754716981132 0.1792452830188679 0.09433962264150944 0.018867924528301886 0.02830188679245283 0.02830188679245283 0.02830188679245283 0.018867924528301886 0.02830188679245283 0.05660377358490566 0.05660377358490566 0.09433962264150944 0.02830188679245283 0.05660377358490566 
0.09090909090909091 0.013986013986013986 0.06993006993006994 0.1958041958041958 0.09090909090909091 0.06293706293706294 0.055944055944055944 0.013986013986013986 0.055944055944055944 0.06293706293706294 0.06993006993006994 0.02097902097902098 0.013986013986013986 0.06293706293706294 0.027972027972027972 0.02097902097902098 0.06993006993006994 
0.028169014084507043 0.035211267605633804 0.02112676056338028 0.014084507042253521 0.014084507042253521 0.014084507042253521 0.02112676056338028 0.6408450704225352 0.014084507042253521 0.04929577464788732 0.014084507042253521 0.014084507042253521 0.014084507042253521 0.02112676056338028 0.014084507042253521 0.056338028169014086 0.014084507042253521 
0.016666666666666666 0.05 0.058333333333333334 0.041666666666666664 0.025 0.09166666666666666 0.03333333333333333 0.058333333333333334 0.058333333333333334 0.041666666666666664 0.075 0.24166666666666667 0.06666666666666667 0.05 0.016666666666666666 0.03333333333333333 0.041666666666666664 
0.010309278350515464 0.010309278350515464 0.010309278350515464 0.010309278350515464 0.010309278350515464 0.010309278350515464 0.010309278350515464 0.010309278350515464 0.010309278350515464 0.010309278350515464 0.8144329896907216 0.015463917525773196 0.015463917525773196 0.010309278350515464 0.010309278350515464 0.010309278350515464 0.020618556701030927 
0.034482758620689655 0.034482758620689655 0.034482758620689655 0.034482758620689655 0.05172413793103448 0.05172413793103448 0.06896551724137931 0.034482758620689655 0.06896551724137931 0.08620689655172414 0.05172413793103448 0.05172413793103448 0.034482758620689655 0.10344827586206896 0.1724137931034483 0.05172413793103448 0.034482758620689655 
0.029411764705882353 0.029411764705882353 0.0196078431372549 0.08823529411764706 0.24509803921568626 0.058823529411764705 0.0196078431372549 0.0392156862745098 0.0196078431372549 0.0392156862745098 0.058823529411764705 0.0392156862745098 0.029411764705882353 0.0784313725490196 0.058823529411764705 0.0784313725490196 0.06862745098039216 
0.03529411764705882 0.023529411764705882 0.047058823529411764 0.03529411764705882 0.058823529411764705 0.023529411764705882 0.03529411764705882 0.023529411764705882 0.10588235294117647 0.08235294117647059 0.08235294117647059 0.08235294117647059 0.07058823529411765 0.047058823529411764 0.08235294117647059 0.023529411764705882 0.1411764705882353 
0.04 0.05333333333333334 0.04 0.10666666666666667 0.13333333333333333 0.04 0.06666666666666667 0.05333333333333334 0.02666666666666667 0.05333333333333334 0.04 0.09333333333333334 0.02666666666666667 0.05333333333333334 0.04 0.04 0.09333333333333334 
