0.02727272727272727 0.022727272727272728 0.08181818181818182 0.022727272727272728 0.00909090909090909 0.022727272727272728 0.01818181818181818 0.16818181818181818 0.1590909090909091 0.15454545454545454 0.06818181818181818 0.03636363636363636 0.00909090909090909 0.05909090909090909 0.02727272727272727 0.08636363636363636 0.02727272727272727 
0.05063291139240506 0.05063291139240506 0.06329113924050633 0.06329113924050633 0.0379746835443038 0.05063291139240506 0.06329113924050633 0.0379746835443038 0.02531645569620253 0.02531645569620253 0.05063291139240506 0.06329113924050633 0.0759493670886076 0.0759493670886076 0.0379746835443038 0.13924050632911392 0.08860759493670886 
0.02564102564102564 0.07692307692307693 0.02564102564102564 0.038461538461538464 0.05128205128205128 0.02564102564102564 0.02564102564102564 0.02564102564102564 0.02564102564102564 0.0641025641025641 0.038461538461538464 0.05128205128205128 0.28205128205128205 0.02564102564102564 0.02564102564102564 0.038461538461538464 0.15384615384615385 
0.045454545454545456 0.06060606060606061 0.06060606060606061 0.030303030303030304 0.06060606060606061 0.045454545454545456 0.045454545454545456 0.045454545454545456 0.030303030303030304 0.045454545454545456 0.10606060606060606 0.030303030303030304 0.045454545454545456 0.10606060606060606 0.06060606060606061 0.030303030303030304 0.15151515151515152 
0.012658227848101266 0.02531645569620253 0.02531645569620253 0.5506329113924051 0.03164556962025317 0.05063291139240506 0.012658227848101266 0.012658227848101266 0.0189873417721519 0.0189873417721519 0.05063291139240506 0.0189873417721519 0.02531645569620253 0.06329113924050633 0.03164556962025317 0.0189873417721519 0.03164556962025317 
0.024096385542168676 0.04819277108433735 0.04819277108433735 0.0963855421686747 0.13253012048192772 0.024096385542168676 0.024096385542168676 0.03614457831325301 0.03614457831325301 0.07228915662650602 0.024096385542168676 0.024096385542168676 0.060240963855421686 0.12048192771084337 0.10843373493975904 0.03614457831325301 0.08433734939759036 
0.04838709677419355 0.04838709677419355 0.06451612903225806 0.03225806451612903 0.03225806451612903 0.08064516129032258 0.06451612903225806 0.03225806451612903 0.06451612903225806 0.08064516129032258 0.03225806451612903 0.04838709677419355 0.03225806451612903 0.06451612903225806 0.16129032258064516 0.03225806451612903 0.08064516129032258 
0.056074766355140186 0.056074766355140186 0.018691588785046728 0.102803738317757 0.028037383177570093 0.028037383177570093 0.037383177570093455 0.018691588785046728 0.04672897196261682 0.14953271028037382 0.1308411214953271 0.102803738317757 0.04672897196261682 0.037383177570093455 0.04672897196261682 0.028037383177570093 0.06542056074766354 
0.8785046728971962 0.006230529595015576 0.006230529595015576 0.006230529595015576 0.006230529595015576 0.006230529595015576 0.012461059190031152 0.006230529595015576 0.006230529595015576 0.012461059190031152 0.006230529595015576 0.009345794392523364 0.006230529595015576 0.006230529595015576 0.012461059190031152 0.006230529595015576 0.006230529595015576 
0.019230769230769232 0.038461538461538464 0.15384615384615385 0.057692307692307696 0.019230769230769232 0.038461538461538464 0.019230769230769232 0.019230769230769232 0.019230769230769232 0.038461538461538464 0.125 0.11538461538461539 0.0673076923076923 0.038461538461538464 0.019230769230769232 0.038461538461538464 0.17307692307692307 
0.8029556650246306 0.024630541871921183 0.009852216748768473 0.009852216748768473 0.009852216748768473 0.009852216748768473 0.009852216748768473 0.034482758620689655 0.009852216748768473 0.009852216748768473 0.009852216748768473 0.009852216748768473 0.009852216748768473 0.009852216748768473 0.009852216748768473 0.009852216748768473 0.009852216748768473 
0.034482758620689655 0.06896551724137931 0.05172413793103448 0.034482758620689655 0.05172413793103448 0.06896551724137931 0.05172413793103448 0.034482758620689655 0.06896551724137931 0.034482758620689655 0.06896551724137931 0.13793103448275862 0.034482758620689655 0.06896551724137931 0.034482758620689655 0.034482758620689655 0.1206896551724138 
0.05128205128205128 0.038461538461538464 0.038461538461538464 0.02564102564102564 0.16666666666666666 0.1282051282051282 0.038461538461538464 0.02564102564102564 0.038461538461538464 0.038461538461538464 0.02564102564102564 0.02564102564102564 0.05128205128205128 0.05128205128205128 0.0641025641025641 0.02564102564102564 0.16666666666666666 
0.02127659574468085 0.0425531914893617 0.02127659574468085 0.07446808510638298 0.40425531914893614 0.05319148936170213 0.02127659574468085 0.02127659574468085 0.02127659574468085 0.05319148936170213 0.02127659574468085 0.02127659574468085 0.06382978723404255 0.031914893617021274 0.02127659574468085 0.031914893617021274 0.07446808510638298 
0.0273972602739726 0.0410958904109589 0.0273972602739726 0.0410958904109589 0.3150684931506849 0.0410958904109589 0.0273972602739726 0.0273972602739726 0.0273972602739726 0.0273972602739726 0.0273972602739726 0.0410958904109589 0.0410958904109589 0.0547945205479452 0.0547945205479452 0.0547945205479452 0.1232876712328767 
0.05 0.03333333333333333 0.03333333333333333 0.11666666666666667 0.06666666666666667 0.05 0.06666666666666667 0.03333333333333333 0.08333333333333333 0.1 0.06666666666666667 0.03333333333333333 0.06666666666666667 0.06666666666666667 0.05 0.03333333333333333 0.05 
0.019417475728155338 0.014563106796116505 0.009708737864077669 0.04854368932038835 0.11165048543689321 0.043689320388349516 0.009708737864077669 0.009708737864077669 0.024271844660194174 0.02912621359223301 0.014563106796116505 0.5097087378640777 0.02912621359223301 0.03398058252427184 0.04854368932038835 0.019417475728155338 0.024271844660194174 
0.0425531914893617 0.0425531914893617 0.0851063829787234 0.0425531914893617 0.06382978723404255 0.0425531914893617 0.1276595744680851 0.0425531914893617 0.0425531914893617 0.0851063829787234 0.06382978723404255 0.06382978723404255 0.0425531914893617 0.0851063829787234 0.0425531914893617 0.0425531914893617 0.0425531914893617 
0.04597701149425287 0.04597701149425287 0.10344827586206896 0.09195402298850575 0.20689655172413793 0.04597701149425287 0.022988505747126436 0.022988505747126436 0.022988505747126436 0.04597701149425287 0.034482758620689655 0.022988505747126436 0.022988505747126436 0.022988505747126436 0.10344827586206896 0.06896551724137931 0.06896551724137931 
0.006309148264984227 0.006309148264984227 0.006309148264984227 0.012618296529968454 0.006309148264984227 0.006309148264984227 0.006309148264984227 0.006309148264984227 0.006309148264984227 0.006309148264984227 0.015772870662460567 0.015772870662460567 0.01892744479495268 0.8391167192429022 0.006309148264984227 0.006309148264984227 0.028391167192429023 
0.01192504258943782 0.030664395229982964 0.008517887563884156 0.015332197614991482 0.015332197614991482 0.017035775127768313 0.06814310051107325 0.04599659284497445 0.013628620102214651 0.04770017035775128 0.005110732538330494 0.01192504258943782 0.02555366269165247 0.013628620102214651 0.005110732538330494 0.6592844974446337 0.005110732538330494 
0.02158273381294964 0.014388489208633094 0.06474820143884892 0.014388489208633094 0.02158273381294964 0.014388489208633094 0.02877697841726619 0.014388489208633094 0.02877697841726619 0.02877697841726619 0.09352517985611511 0.02158273381294964 0.050359712230215826 0.014388489208633094 0.014388489208633094 0.5179856115107914 0.03597122302158273 
0.02531645569620253 0.02531645569620253 0.22784810126582278 0.0759493670886076 0.06329113924050633 0.02531645569620253 0.05063291139240506 0.02531645569620253 0.02531645569620253 0.02531645569620253 0.02531645569620253 0.10126582278481013 0.0379746835443038 0.05063291139240506 0.02531645569620253 0.02531645569620253 0.16455696202531644 
0.02830188679245283 0.0660377358490566 0.02830188679245283 0.05660377358490566 0.0660377358490566 0.018867924528301886 0.018867924528301886 0.018867924528301886 0.018867924528301886 0.02830188679245283 0.02830188679245283 0.4811320754716981 0.018867924528301886 0.02830188679245283 0.02830188679245283 0.03773584905660377 0.02830188679245283 
0.017045454545454544 0.6306818181818182 0.028409090909090908 0.045454545454545456 0.011363636363636364 0.022727272727272728 0.011363636363636364 0.017045454545454544 0.011363636363636364 0.011363636363636364 0.022727272727272728 0.017045454545454544 0.022727272727272728 0.022727272727272728 0.017045454545454544 0.017045454545454544 0.07386363636363637 
0.017857142857142856 0.13392857142857142 0.4732142857142857 0.017857142857142856 0.044642857142857144 0.026785714285714284 0.017857142857142856 0.017857142857142856 0.026785714285714284 0.03571428571428571 0.017857142857142856 0.044642857142857144 0.017857142857142856 0.03571428571428571 0.017857142857142856 0.017857142857142856 0.03571428571428571 
0.029850746268656716 0.05970149253731343 0.05970149253731343 0.029850746268656716 0.029850746268656716 0.07462686567164178 0.029850746268656716 0.07462686567164178 0.029850746268656716 0.029850746268656716 0.05970149253731343 0.11940298507462686 0.08955223880597014 0.11940298507462686 0.04477611940298507 0.07462686567164178 0.04477611940298507 
0.03361344537815126 0.09243697478991597 0.04201680672268908 0.12605042016806722 0.05042016806722689 0.03361344537815126 0.01680672268907563 0.03361344537815126 0.03361344537815126 0.17647058823529413 0.03361344537815126 0.10084033613445378 0.01680672268907563 0.025210084033613446 0.1092436974789916 0.025210084033613446 0.05042016806722689 
0.03896103896103896 0.025974025974025976 0.2857142857142857 0.025974025974025976 0.1038961038961039 0.03896103896103896 0.025974025974025976 0.025974025974025976 0.025974025974025976 0.06493506493506493 0.03896103896103896 0.1038961038961039 0.025974025974025976 0.025974025974025976 0.07792207792207792 0.025974025974025976 0.03896103896103896 
0.024691358024691357 0.037037037037037035 0.04938271604938271 0.11728395061728394 0.12962962962962962 0.030864197530864196 0.012345679012345678 0.012345679012345678 0.06172839506172839 0.12962962962962962 0.030864197530864196 0.08024691358024691 0.037037037037037035 0.030864197530864196 0.05555555555555555 0.037037037037037035 0.12345679012345678 
0.030864197530864196 0.04938271604938271 0.021604938271604937 0.07098765432098765 0.024691358024691357 0.021604938271604937 0.06481481481481481 0.009259259259259259 0.033950617283950615 0.06481481481481481 0.015432098765432098 0.25308641975308643 0.046296296296296294 0.05555555555555555 0.08024691358024691 0.030864197530864196 0.12654320987654322 
0.016260162601626018 0.024390243902439025 0.08130081300813008 0.056910569105691054 0.36585365853658536 0.024390243902439025 0.024390243902439025 0.024390243902439025 0.024390243902439025 0.024390243902439025 0.04065040650406504 0.024390243902439025 0.056910569105691054 0.04878048780487805 0.0975609756097561 0.04878048780487805 0.016260162601626018 
0.023622047244094488 0.015748031496062992 0.023622047244094488 0.015748031496062992 0.023622047244094488 0.015748031496062992 0.023622047244094488 0.015748031496062992 0.015748031496062992 0.015748031496062992 0.6929133858267716 0.015748031496062992 0.015748031496062992 0.015748031496062992 0.015748031496062992 0.015748031496062992 0.03937007874015748 
0.02247191011235955 0.056179775280898875 0.02247191011235955 0.3595505617977528 0.033707865168539325 0.06741573033707865 0.02247191011235955 0.02247191011235955 0.02247191011235955 0.0898876404494382 0.033707865168539325 0.0449438202247191 0.02247191011235955 0.056179775280898875 0.02247191011235955 0.033707865168539325 0.06741573033707865 
0.028112449799196786 0.012048192771084338 0.09236947791164658 0.020080321285140562 0.01606425702811245 0.012048192771084338 0.0642570281124498 0.5220883534136547 0.01606425702811245 0.04417670682730924 0.0321285140562249 0.03614457831325301 0.01606425702811245 0.01606425702811245 0.012048192771084338 0.012048192771084338 0.04819277108433735 
0.022222222222222223 0.05925925925925926 0.05185185185185185 0.022222222222222223 0.1037037037037037 0.044444444444444446 0.02962962962962963 0.014814814814814815 0.014814814814814815 0.05185185185185185 0.022222222222222223 0.07407407407407407 0.02962962962962963 0.06666666666666667 0.044444444444444446 0.014814814814814815 0.3333333333333333 
0.0026223776223776225 0.006993006993006993 0.004370629370629371 0.0034965034965034965 0.022727272727272728 0.9283216783216783 0.0026223776223776225 0.0017482517482517483 0.0017482517482517483 0.004370629370629371 0.006993006993006993 0.0017482517482517483 0.0017482517482517483 0.004370629370629371 0.0017482517482517483 0.0017482517482517483 0.0026223776223776225 
0.021739130434782608 0.05434782608695652 0.043478260869565216 0.08695652173913043 0.06521739130434782 0.043478260869565216 0.021739130434782608 0.06521739130434782 0.043478260869565216 0.03260869565217391 0.15217391304347827 0.021739130434782608 0.14130434782608695 0.043478260869565216 0.043478260869565216 0.08695652173913043 0.03260869565217391 
0.047058823529411764 0.023529411764705882 0.047058823529411764 0.03529411764705882 0.36470588235294116 0.047058823529411764 0.058823529411764705 0.023529411764705882 0.03529411764705882 0.03529411764705882 0.023529411764705882 0.023529411764705882 0.023529411764705882 0.058823529411764705 0.07058823529411765 0.023529411764705882 0.058823529411764705 
0.812807881773399 0.009852216748768473 0.009852216748768473 0.014778325123152709 0.009852216748768473 0.009852216748768473 0.009852216748768473 0.019704433497536946 0.014778325123152709 0.009852216748768473 0.014778325123152709 0.009852216748768473 0.014778325123152709 0.009852216748768473 0.009852216748768473 0.009852216748768473 0.009852216748768473 
0.022222222222222223 0.03333333333333333 0.17777777777777778 0.03333333333333333 0.044444444444444446 0.03333333333333333 0.022222222222222223 0.05555555555555555 0.022222222222222223 0.06666666666666667 0.07777777777777778 0.12222222222222222 0.03333333333333333 0.044444444444444446 0.1 0.03333333333333333 0.07777777777777778 
0.034482758620689655 0.06896551724137931 0.08620689655172414 0.08620689655172414 0.05172413793103448 0.034482758620689655 0.034482758620689655 0.05172413793103448 0.05172413793103448 0.034482758620689655 0.05172413793103448 0.08620689655172414 0.034482758620689655 0.034482758620689655 0.05172413793103448 0.034482758620689655 0.1724137931034483 
0.006915629322268326 0.0027662517289073307 0.006915629322268326 0.006915629322268326 0.0027662517289073307 0.004149377593360996 0.0027662517289073307 0.013831258644536652 0.8893499308437067 0.004149377593360996 0.008298755186721992 0.0027662517289073307 0.006915629322268326 0.004149377593360996 0.005532503457814661 0.013831258644536652 0.017980636237897647 
0.03271028037383177 0.04672897196261682 0.018691588785046728 0.018691588785046728 0.1588785046728972 0.03271028037383177 0.028037383177570093 0.009345794392523364 0.009345794392523364 0.037383177570093455 0.018691588785046728 0.014018691588785047 0.014018691588785047 0.0514018691588785 0.4485981308411215 0.02336448598130841 0.037383177570093455 
0.0273972602739726 0.0273972602739726 0.0547945205479452 0.0547945205479452 0.3013698630136986 0.0547945205479452 0.0273972602739726 0.0273972602739726 0.0410958904109589 0.0684931506849315 0.0410958904109589 0.0547945205479452 0.0273972602739726 0.0958904109589041 0.0273972602739726 0.0273972602739726 0.0410958904109589 
0.008695652173913044 0.03188405797101449 0.7942028985507247 0.034782608695652174 0.008695652173913044 0.017391304347826087 0.005797101449275362 0.005797101449275362 0.005797101449275362 0.005797101449275362 0.017391304347826087 0.011594202898550725 0.005797101449275362 0.011594202898550725 0.008695652173913044 0.011594202898550725 0.014492753623188406 
0.0125 0.79375 0.0125 0.0125 0.0125 0.0125 0.0125 0.0125 0.0125 0.0125 0.0125 0.0125 0.0125 0.0125 0.0125 0.0125 0.01875 
0.04878048780487805 0.024390243902439025 0.08536585365853659 0.024390243902439025 0.15853658536585366 0.024390243902439025 0.036585365853658534 0.024390243902439025 0.024390243902439025 0.024390243902439025 0.024390243902439025 0.036585365853658534 0.036585365853658534 0.04878048780487805 0.06097560975609756 0.024390243902439025 0.2926829268292683 
0.03361344537815126 0.025210084033613446 0.12605042016806722 0.05042016806722689 0.15126050420168066 0.1092436974789916 0.03361344537815126 0.01680672268907563 0.025210084033613446 0.08403361344537816 0.01680672268907563 0.09243697478991597 0.03361344537815126 0.058823529411764705 0.08403361344537816 0.01680672268907563 0.04201680672268908 
0.02857142857142857 0.04285714285714286 0.06428571428571428 0.03571428571428571 0.02142857142857143 0.07142857142857142 0.02857142857142857 0.014285714285714285 0.014285714285714285 0.04285714285714286 0.014285714285714285 0.07857142857142857 0.03571428571428571 0.06428571428571428 0.014285714285714285 0.014285714285714285 0.4142857142857143 
0.01276595744680851 0.04680851063829787 0.0851063829787234 0.00851063829787234 0.059574468085106386 0.01702127659574468 0.03829787234042553 0.2765957446808511 0.03404255319148936 0.07659574468085106 0.03404255319148936 0.11063829787234042 0.02553191489361702 0.0425531914893617 0.0851063829787234 0.02127659574468085 0.02553191489361702 
0.05555555555555555 0.05555555555555555 0.041666666666666664 0.027777777777777776 0.027777777777777776 0.05555555555555555 0.041666666666666664 0.041666666666666664 0.027777777777777776 0.027777777777777776 0.1111111111111111 0.20833333333333334 0.05555555555555555 0.041666666666666664 0.09722222222222222 0.027777777777777776 0.05555555555555555 
0.02 0.03 0.04 0.12 0.17 0.05 0.09 0.03 0.04 0.04 0.04 0.03 0.05 0.03 0.06 0.02 0.14 
0.015748031496062992 0.015748031496062992 0.015748031496062992 0.023622047244094488 0.015748031496062992 0.015748031496062992 0.015748031496062992 0.015748031496062992 0.015748031496062992 0.015748031496062992 0.7322834645669292 0.015748031496062992 0.015748031496062992 0.015748031496062992 0.015748031496062992 0.015748031496062992 0.023622047244094488 
0.03676470588235294 0.04411764705882353 0.058823529411764705 0.0661764705882353 0.03676470588235294 0.03676470588235294 0.014705882352941176 0.029411764705882353 0.08823529411764706 0.058823529411764705 0.11764705882352941 0.22794117647058823 0.029411764705882353 0.058823529411764705 0.04411764705882353 0.014705882352941176 0.03676470588235294 
0.04597701149425287 0.04597701149425287 0.022988505747126436 0.034482758620689655 0.04597701149425287 0.04597701149425287 0.04597701149425287 0.022988505747126436 0.022988505747126436 0.11494252873563218 0.034482758620689655 0.11494252873563218 0.05747126436781609 0.034482758620689655 0.06896551724137931 0.09195402298850575 0.14942528735632185 
0.03225806451612903 0.03225806451612903 0.03225806451612903 0.5698924731182796 0.03225806451612903 0.021505376344086023 0.021505376344086023 0.021505376344086023 0.021505376344086023 0.021505376344086023 0.021505376344086023 0.021505376344086023 0.021505376344086023 0.043010752688172046 0.03225806451612903 0.03225806451612903 0.021505376344086023 
0.05194805194805195 0.06493506493506493 0.05194805194805195 0.03896103896103896 0.23376623376623376 0.03896103896103896 0.05194805194805195 0.03896103896103896 0.06493506493506493 0.06493506493506493 0.025974025974025976 0.03896103896103896 0.05194805194805195 0.05194805194805195 0.03896103896103896 0.025974025974025976 0.06493506493506493 
0.0449438202247191 0.0449438202247191 0.033707865168539325 0.0449438202247191 0.033707865168539325 0.056179775280898875 0.12359550561797752 0.07865168539325842 0.0449438202247191 0.10112359550561797 0.056179775280898875 0.033707865168539325 0.056179775280898875 0.06741573033707865 0.056179775280898875 0.033707865168539325 0.0898876404494382 
0.013888888888888888 0.06944444444444445 0.020833333333333332 0.10416666666666667 0.027777777777777776 0.034722222222222224 0.013888888888888888 0.041666666666666664 0.020833333333333332 0.2222222222222222 0.09027777777777778 0.05555555555555555 0.034722222222222224 0.0763888888888889 0.08333333333333333 0.027777777777777776 0.0625 
0.012738853503184714 0.09554140127388536 0.08917197452229299 0.050955414012738856 0.06369426751592357 0.08280254777070063 0.03184713375796178 0.01910828025477707 0.03184713375796178 0.03184713375796178 0.03184713375796178 0.24203821656050956 0.025477707006369428 0.03184713375796178 0.09554140127388536 0.025477707006369428 0.03821656050955414 
0.05263157894736842 0.13157894736842105 0.02631578947368421 0.07894736842105263 0.15789473684210525 0.02631578947368421 0.039473684210526314 0.02631578947368421 0.02631578947368421 0.039473684210526314 0.039473684210526314 0.05263157894736842 0.05263157894736842 0.039473684210526314 0.05263157894736842 0.02631578947368421 0.13157894736842105 
0.017964071856287425 0.0718562874251497 0.0718562874251497 0.05389221556886228 0.04790419161676647 0.023952095808383235 0.017964071856287425 0.011976047904191617 0.05389221556886228 0.11976047904191617 0.029940119760479042 0.10778443113772455 0.017964071856287425 0.16766467065868262 0.059880239520958084 0.029940119760479042 0.09580838323353294 
0.019417475728155338 0.04854368932038835 0.02912621359223301 0.019417475728155338 0.18446601941747573 0.05825242718446602 0.05825242718446602 0.019417475728155338 0.04854368932038835 0.04854368932038835 0.038834951456310676 0.11650485436893204 0.06796116504854369 0.02912621359223301 0.13592233009708737 0.038834951456310676 0.038834951456310676 
0.029411764705882353 0.029411764705882353 0.07352941176470588 0.029411764705882353 0.029411764705882353 0.029411764705882353 0.029411764705882353 0.029411764705882353 0.029411764705882353 0.04411764705882353 0.029411764705882353 0.029411764705882353 0.04411764705882353 0.04411764705882353 0.04411764705882353 0.029411764705882353 0.4264705882352941 
0.02702702702702703 0.06756756756756757 0.05405405405405406 0.20270270270270271 0.02702702702702703 0.04054054054054054 0.04054054054054054 0.02702702702702703 0.05405405405405406 0.13513513513513514 0.02702702702702703 0.08108108108108109 0.02702702702702703 0.04054054054054054 0.0945945945945946 0.02702702702702703 0.02702702702702703 
0.05172413793103448 0.06896551724137931 0.06896551724137931 0.08620689655172414 0.034482758620689655 0.05172413793103448 0.034482758620689655 0.05172413793103448 0.05172413793103448 0.06896551724137931 0.034482758620689655 0.034482758620689655 0.06896551724137931 0.10344827586206896 0.05172413793103448 0.034482758620689655 0.10344827586206896 
0.04878048780487805 0.08536585365853659 0.04878048780487805 0.036585365853658534 0.024390243902439025 0.024390243902439025 0.036585365853658534 0.024390243902439025 0.036585365853658534 0.036585365853658534 0.036585365853658534 0.2073170731707317 0.12195121951219512 0.024390243902439025 0.04878048780487805 0.06097560975609756 0.0975609756097561 
0.04411764705882353 0.08823529411764706 0.058823529411764705 0.029411764705882353 0.029411764705882353 0.04411764705882353 0.029411764705882353 0.029411764705882353 0.04411764705882353 0.1323529411764706 0.10294117647058823 0.08823529411764706 0.029411764705882353 0.058823529411764705 0.11764705882352941 0.029411764705882353 0.04411764705882353 
0.009523809523809525 0.05714285714285714 0.023809523809523808 0.04285714285714286 0.44285714285714284 0.03333333333333333 0.009523809523809525 0.009523809523809525 0.03333333333333333 0.10476190476190476 0.023809523809523808 0.023809523809523808 0.03333333333333333 0.04285714285714286 0.05238095238095238 0.03333333333333333 0.023809523809523808 
0.05555555555555555 0.044444444444444446 0.08888888888888889 0.044444444444444446 0.07777777777777778 0.07777777777777778 0.044444444444444446 0.022222222222222223 0.022222222222222223 0.1111111111111111 0.07777777777777778 0.07777777777777778 0.022222222222222223 0.044444444444444446 0.07777777777777778 0.044444444444444446 0.06666666666666667 
0.0125 0.7625 0.0125 0.0125 0.025 0.0125 0.0125 0.0125 0.0125 0.01875 0.0125 0.0125 0.01875 0.01875 0.0125 0.0125 0.01875 
0.03937007874015748 0.06299212598425197 0.031496062992125984 0.4251968503937008 0.07086614173228346 0.03937007874015748 0.015748031496062992 0.015748031496062992 0.047244094488188976 0.023622047244094488 0.031496062992125984 0.023622047244094488 0.08661417322834646 0.015748031496062992 0.015748031496062992 0.031496062992125984 0.023622047244094488 
0.057692307692307696 0.09615384615384616 0.038461538461538464 0.09615384615384616 0.057692307692307696 0.038461538461538464 0.038461538461538464 0.038461538461538464 0.057692307692307696 0.057692307692307696 0.038461538461538464 0.057692307692307696 0.07692307692307693 0.057692307692307696 0.07692307692307693 0.07692307692307693 0.038461538461538464 
0.028846153846153848 0.04807692307692308 0.038461538461538464 0.057692307692307696 0.019230769230769232 0.07692307692307693 0.019230769230769232 0.019230769230769232 0.028846153846153848 0.038461538461538464 0.21153846153846154 0.16346153846153846 0.07692307692307693 0.0673076923076923 0.019230769230769232 0.038461538461538464 0.04807692307692308 
0.037037037037037035 0.015873015873015872 0.010582010582010581 0.026455026455026454 0.4074074074074074 0.06349206349206349 0.015873015873015872 0.010582010582010581 0.026455026455026454 0.05291005291005291 0.015873015873015872 0.14814814814814814 0.026455026455026454 0.07407407407407407 0.021164021164021163 0.021164021164021163 0.026455026455026454 
0.044642857142857144 0.022321428571428572 0.044642857142857144 0.05357142857142857 0.03571428571428571 0.11607142857142858 0.03125 0.017857142857142856 0.013392857142857142 0.13392857142857142 0.03571428571428571 0.14732142857142858 0.017857142857142856 0.14285714285714285 0.08035714285714286 0.03125 0.03125 
0.03125 0.03125 0.125 0.03125 0.046875 0.046875 0.046875 0.03125 0.046875 0.046875 0.0625 0.171875 0.03125 0.03125 0.046875 0.03125 0.140625 
0.029850746268656716 0.07462686567164178 0.029850746268656716 0.04477611940298507 0.04477611940298507 0.07462686567164178 0.04477611940298507 0.04477611940298507 0.029850746268656716 0.05970149253731343 0.05970149253731343 0.029850746268656716 0.04477611940298507 0.13432835820895522 0.13432835820895522 0.029850746268656716 0.08955223880597014 
0.02586206896551724 0.02586206896551724 0.5344827586206896 0.017241379310344827 0.04310344827586207 0.02586206896551724 0.02586206896551724 0.02586206896551724 0.02586206896551724 0.017241379310344827 0.02586206896551724 0.02586206896551724 0.02586206896551724 0.034482758620689655 0.02586206896551724 0.034482758620689655 0.0603448275862069 
0.0410958904109589 0.0410958904109589 0.0273972602739726 0.0684931506849315 0.2328767123287671 0.0958904109589041 0.0410958904109589 0.0410958904109589 0.0410958904109589 0.0410958904109589 0.0410958904109589 0.0273972602739726 0.0547945205479452 0.0684931506849315 0.0410958904109589 0.0410958904109589 0.0547945205479452 
0.029411764705882353 0.07352941176470588 0.04411764705882353 0.07352941176470588 0.04411764705882353 0.058823529411764705 0.04411764705882353 0.029411764705882353 0.029411764705882353 0.04411764705882353 0.1323529411764706 0.1323529411764706 0.08823529411764706 0.04411764705882353 0.058823529411764705 0.04411764705882353 0.029411764705882353 
0.017094017094017096 0.08547008547008547 0.09401709401709402 0.11965811965811966 0.03418803418803419 0.08547008547008547 0.02564102564102564 0.017094017094017096 0.03418803418803419 0.07692307692307693 0.02564102564102564 0.06837606837606838 0.042735042735042736 0.017094017094017096 0.1794871794871795 0.03418803418803419 0.042735042735042736 
0.045454545454545456 0.16666666666666666 0.06060606060606061 0.045454545454545456 0.030303030303030304 0.06060606060606061 0.09090909090909091 0.030303030303030304 0.06060606060606061 0.030303030303030304 0.045454545454545456 0.030303030303030304 0.06060606060606061 0.030303030303030304 0.12121212121212122 0.030303030303030304 0.06060606060606061 
0.031746031746031744 0.047619047619047616 0.047619047619047616 0.031746031746031744 0.07936507936507936 0.031746031746031744 0.031746031746031744 0.031746031746031744 0.047619047619047616 0.047619047619047616 0.031746031746031744 0.12698412698412698 0.031746031746031744 0.1111111111111111 0.15873015873015872 0.031746031746031744 0.07936507936507936 
0.05154639175257732 0.020618556701030927 0.020618556701030927 0.030927835051546393 0.020618556701030927 0.041237113402061855 0.041237113402061855 0.05154639175257732 0.020618556701030927 0.020618556701030927 0.041237113402061855 0.030927835051546393 0.5154639175257731 0.030927835051546393 0.020618556701030927 0.020618556701030927 0.020618556701030927 
0.041666666666666664 0.05555555555555555 0.027777777777777776 0.041666666666666664 0.20833333333333334 0.041666666666666664 0.05555555555555555 0.027777777777777776 0.08333333333333333 0.041666666666666664 0.041666666666666664 0.027777777777777776 0.041666666666666664 0.027777777777777776 0.06944444444444445 0.041666666666666664 0.125 
0.02666666666666667 0.02666666666666667 0.06666666666666667 0.09333333333333334 0.21333333333333335 0.08 0.02666666666666667 0.04 0.04 0.02666666666666667 0.04 0.05333333333333334 0.05333333333333334 0.08 0.04 0.02666666666666667 0.06666666666666667 
0.00303951367781155 0.0182370820668693 0.0182370820668693 0.02127659574468085 0.05015197568389058 0.03951367781155015 0.0425531914893617 0.4376899696048632 0.0121580547112462 0.0364741641337386 0.0243161094224924 0.11550151975683891 0.10486322188449848 0.0060790273556231 0.031914893617021274 0.0182370820668693 0.019756838905775075 
0.022321428571428572 0.017857142857142856 0.013392857142857142 0.013392857142857142 0.013392857142857142 0.017857142857142856 0.022321428571428572 0.5133928571428571 0.04017857142857143 0.013392857142857142 0.008928571428571428 0.15178571428571427 0.026785714285714284 0.03125 0.049107142857142856 0.026785714285714284 0.017857142857142856 
0.075 0.025 0.041666666666666664 0.03333333333333333 0.175 0.025 0.016666666666666666 0.025 0.041666666666666664 0.06666666666666667 0.09166666666666666 0.11666666666666667 0.03333333333333333 0.03333333333333333 0.08333333333333333 0.016666666666666666 0.1 
0.028169014084507043 0.028169014084507043 0.056338028169014086 0.056338028169014086 0.04225352112676056 0.056338028169014086 0.09859154929577464 0.04225352112676056 0.04225352112676056 0.056338028169014086 0.08450704225352113 0.028169014084507043 0.04225352112676056 0.056338028169014086 0.07042253521126761 0.028169014084507043 0.18309859154929578 
0.02702702702702703 0.0472972972972973 0.0472972972972973 0.060810810810810814 0.14864864864864866 0.033783783783783786 0.02027027027027027 0.04054054054054054 0.033783783783783786 0.02702702702702703 0.11486486486486487 0.033783783783783786 0.013513513513513514 0.060810810810810814 0.07432432432432433 0.033783783783783786 0.18243243243243243 
0.04 0.08 0.04 0.02666666666666667 0.05333333333333334 0.12 0.04 0.02666666666666667 0.09333333333333334 0.08 0.02666666666666667 0.09333333333333334 0.04 0.08 0.04 0.04 0.08 
0.0125 0.78125 0.0125 0.0125 0.01875 0.0125 0.0125 0.01875 0.0125 0.0125 0.0125 0.0125 0.0125 0.0125 0.0125 0.0125 0.01875 
0.021505376344086023 0.053763440860215055 0.06451612903225806 0.043010752688172046 0.44086021505376344 0.043010752688172046 0.021505376344086023 0.021505376344086023 0.043010752688172046 0.021505376344086023 0.03225806451612903 0.021505376344086023 0.06451612903225806 0.021505376344086023 0.021505376344086023 0.043010752688172046 0.021505376344086023 
0.03225806451612903 0.03225806451612903 0.03225806451612903 0.04838709677419355 0.03225806451612903 0.06451612903225806 0.03225806451612903 0.03225806451612903 0.08064516129032258 0.16129032258064516 0.04838709677419355 0.04838709677419355 0.03225806451612903 0.06451612903225806 0.14516129032258066 0.04838709677419355 0.06451612903225806 
0.034482758620689655 0.034482758620689655 0.034482758620689655 0.034482758620689655 0.08620689655172414 0.06896551724137931 0.08620689655172414 0.05172413793103448 0.034482758620689655 0.05172413793103448 0.034482758620689655 0.06896551724137931 0.05172413793103448 0.034482758620689655 0.1206896551724138 0.05172413793103448 0.1206896551724138 
0.012738853503184714 0.01910828025477707 0.03184713375796178 0.6114649681528662 0.06369426751592357 0.012738853503184714 0.050955414012738856 0.01910828025477707 0.012738853503184714 0.01910828025477707 0.01910828025477707 0.025477707006369428 0.012738853503184714 0.012738853503184714 0.01910828025477707 0.012738853503184714 0.044585987261146494 
0.02666666666666667 0.16 0.02666666666666667 0.04 0.08 0.02666666666666667 0.04 0.04 0.05333333333333334 0.04 0.08 0.04 0.09333333333333334 0.04 0.08 0.02666666666666667 0.10666666666666667 
0.06172839506172839 0.037037037037037035 0.19753086419753085 0.06172839506172839 0.024691358024691357 0.06172839506172839 0.04938271604938271 0.024691358024691357 0.06172839506172839 0.07407407407407407 0.07407407407407407 0.04938271604938271 0.04938271604938271 0.04938271604938271 0.037037037037037035 0.037037037037037035 0.04938271604938271 
0.030303030303030304 0.06060606060606061 0.030303030303030304 0.045454545454545456 0.21212121212121213 0.06060606060606061 0.030303030303030304 0.030303030303030304 0.030303030303030304 0.045454545454545456 0.07575757575757576 0.06060606060606061 0.030303030303030304 0.030303030303030304 0.07575757575757576 0.045454545454545456 0.10606060606060606 
0.03278688524590164 0.03278688524590164 0.03278688524590164 0.06557377049180328 0.29508196721311475 0.04918032786885246 0.04918032786885246 0.03278688524590164 0.03278688524590164 0.04918032786885246 0.03278688524590164 0.08196721311475409 0.03278688524590164 0.03278688524590164 0.06557377049180328 0.04918032786885246 0.03278688524590164 
0.016666666666666666 0.016666666666666666 0.03333333333333333 0.38333333333333336 0.09166666666666666 0.03333333333333333 0.016666666666666666 0.025 0.016666666666666666 0.15833333333333333 0.041666666666666664 0.025 0.016666666666666666 0.05 0.016666666666666666 0.025 0.03333333333333333 
0.030612244897959183 0.04081632653061224 0.030612244897959183 0.05102040816326531 0.02040816326530612 0.02040816326530612 0.030612244897959183 0.02040816326530612 0.04081632653061224 0.41836734693877553 0.04081632653061224 0.05102040816326531 0.030612244897959183 0.04081632653061224 0.02040816326530612 0.02040816326530612 0.09183673469387756 
0.020618556701030927 0.020618556701030927 0.030927835051546393 0.20618556701030927 0.030927835051546393 0.030927835051546393 0.020618556701030927 0.030927835051546393 0.020618556701030927 0.1134020618556701 0.05154639175257732 0.061855670103092786 0.041237113402061855 0.08247422680412371 0.08247422680412371 0.061855670103092786 0.09278350515463918 
0.04838709677419355 0.06451612903225806 0.04838709677419355 0.03225806451612903 0.06451612903225806 0.03225806451612903 0.11290322580645161 0.04838709677419355 0.06451612903225806 0.06451612903225806 0.04838709677419355 0.0967741935483871 0.03225806451612903 0.08064516129032258 0.03225806451612903 0.03225806451612903 0.0967741935483871 
0.03816793893129771 0.03816793893129771 0.05343511450381679 0.04580152671755725 0.10687022900763359 0.05343511450381679 0.061068702290076333 0.022900763358778626 0.022900763358778626 0.08396946564885496 0.030534351145038167 0.12213740458015267 0.061068702290076333 0.04580152671755725 0.09923664122137404 0.061068702290076333 0.05343511450381679 
0.023529411764705882 0.03529411764705882 0.047058823529411764 0.023529411764705882 0.03529411764705882 0.03529411764705882 0.03529411764705882 0.023529411764705882 0.023529411764705882 0.07058823529411765 0.07058823529411765 0.27058823529411763 0.023529411764705882 0.058823529411764705 0.058823529411764705 0.03529411764705882 0.12941176470588237 
0.027450980392156862 0.027450980392156862 0.0196078431372549 0.10980392156862745 0.03137254901960784 0.011764705882352941 0.10588235294117647 0.4470588235294118 0.011764705882352941 0.03529411764705882 0.011764705882352941 0.054901960784313725 0.0196078431372549 0.01568627450980392 0.027450980392156862 0.0196078431372549 0.023529411764705882 
0.0273972602739726 0.0273972602739726 0.0547945205479452 0.0547945205479452 0.3287671232876712 0.0684931506849315 0.0273972602739726 0.0273972602739726 0.0273972602739726 0.0410958904109589 0.0273972602739726 0.0410958904109589 0.0410958904109589 0.0273972602739726 0.0547945205479452 0.0273972602739726 0.0958904109589041 
0.773109243697479 0.02100840336134454 0.01680672268907563 0.02100840336134454 0.008403361344537815 0.008403361344537815 0.029411764705882353 0.012605042016806723 0.012605042016806723 0.012605042016806723 0.008403361344537815 0.01680672268907563 0.008403361344537815 0.008403361344537815 0.01680672268907563 0.008403361344537815 0.01680672268907563 
0.07547169811320754 0.018867924528301886 0.0660377358490566 0.04716981132075472 0.1792452830188679 0.09433962264150944 0.018867924528301886 0.02830188679245283 0.018867924528301886 0.03773584905660377 0.02830188679245283 0.04716981132075472 0.0660377358490566 0.05660377358490566 0.07547169811320754 0.04716981132075472 0.09433962264150944 
0.03496503496503497 0.02097902097902098 0.06293706293706294 0.07692307692307693 0.1958041958041958 0.03496503496503497 0.04895104895104895 0.02097902097902098 0.03496503496503497 0.055944055944055944 0.055944055944055944 0.013986013986013986 0.027972027972027972 0.1048951048951049 0.04195804195804196 0.07692307692307693 0.09090909090909091 
0.02112676056338028 0.028169014084507043 0.035211267605633804 0.014084507042253521 0.014084507042253521 0.014084507042253521 0.02112676056338028 0.647887323943662 0.014084507042253521 0.02112676056338028 0.035211267605633804 0.04225352112676056 0.028169014084507043 0.014084507042253521 0.014084507042253521 0.014084507042253521 0.02112676056338028 
0.041666666666666664 0.08333333333333333 0.025 0.025 0.025 0.08333333333333333 0.03333333333333333 0.016666666666666666 0.075 0.041666666666666664 0.09166666666666666 0.14166666666666666 0.09166666666666666 0.016666666666666666 0.075 0.041666666666666664 0.09166666666666666 
0.010309278350515464 0.015463917525773196 0.010309278350515464 0.015463917525773196 0.010309278350515464 0.010309278350515464 0.010309278350515464 0.010309278350515464 0.010309278350515464 0.020618556701030927 0.8041237113402062 0.015463917525773196 0.015463917525773196 0.010309278350515464 0.010309278350515464 0.010309278350515464 0.010309278350515464 
0.05172413793103448 0.034482758620689655 0.034482758620689655 0.05172413793103448 0.05172413793103448 0.05172413793103448 0.05172413793103448 0.034482758620689655 0.05172413793103448 0.15517241379310345 0.06896551724137931 0.034482758620689655 0.05172413793103448 0.05172413793103448 0.13793103448275862 0.05172413793103448 0.034482758620689655 
0.029411764705882353 0.0196078431372549 0.049019607843137254 0.08823529411764706 0.2647058823529412 0.058823529411764705 0.029411764705882353 0.058823529411764705 0.06862745098039216 0.08823529411764706 0.049019607843137254 0.049019607843137254 0.029411764705882353 0.0392156862745098 0.0392156862745098 0.0196078431372549 0.0196078431372549 
0.023529411764705882 0.07058823529411765 0.03529411764705882 0.11764705882352941 0.023529411764705882 0.03529411764705882 0.047058823529411764 0.03529411764705882 0.058823529411764705 0.047058823529411764 0.03529411764705882 0.08235294117647059 0.047058823529411764 0.09411764705882353 0.047058823529411764 0.058823529411764705 0.1411764705882353 
0.02666666666666667 0.06666666666666667 0.02666666666666667 0.05333333333333334 0.14666666666666667 0.05333333333333334 0.04 0.02666666666666667 0.05333333333333334 0.04 0.04 0.04 0.04 0.17333333333333334 0.02666666666666667 0.04 0.10666666666666667 
