0.10909090909090909 0.045454545454545456 0.1318181818181818 0.022727272727272728 0.00909090909090909 0.045454545454545456 0.00909090909090909 0.1409090909090909 0.07272727272727272 0.17727272727272728 0.022727272727272728 0.022727272727272728 0.00909090909090909 0.06818181818181818 0.022727272727272728 0.05 0.04090909090909091 
0.06329113924050633 0.05063291139240506 0.0379746835443038 0.10126582278481013 0.0379746835443038 0.02531645569620253 0.02531645569620253 0.0379746835443038 0.05063291139240506 0.12658227848101267 0.05063291139240506 0.06329113924050633 0.05063291139240506 0.12658227848101267 0.06329113924050633 0.0379746835443038 0.05063291139240506 
0.02564102564102564 0.038461538461538464 0.02564102564102564 0.0641025641025641 0.08974358974358974 0.038461538461538464 0.05128205128205128 0.02564102564102564 0.02564102564102564 0.05128205128205128 0.02564102564102564 0.02564102564102564 0.32051282051282054 0.038461538461538464 0.038461538461538464 0.02564102564102564 0.08974358974358974 
0.030303030303030304 0.045454545454545456 0.045454545454545456 0.030303030303030304 0.09090909090909091 0.06060606060606061 0.045454545454545456 0.030303030303030304 0.045454545454545456 0.045454545454545456 0.15151515151515152 0.045454545454545456 0.06060606060606061 0.13636363636363635 0.030303030303030304 0.030303030303030304 0.07575757575757576 
0.02531645569620253 0.012658227848101266 0.03164556962025317 0.6075949367088608 0.0189873417721519 0.02531645569620253 0.012658227848101266 0.02531645569620253 0.0189873417721519 0.012658227848101266 0.04430379746835443 0.0189873417721519 0.012658227848101266 0.0759493670886076 0.0189873417721519 0.0189873417721519 0.0189873417721519 
0.04819277108433735 0.024096385542168676 0.024096385542168676 0.03614457831325301 0.10843373493975904 0.07228915662650602 0.03614457831325301 0.03614457831325301 0.0963855421686747 0.04819277108433735 0.03614457831325301 0.0963855421686747 0.024096385542168676 0.10843373493975904 0.07228915662650602 0.024096385542168676 0.10843373493975904 
0.04838709677419355 0.06451612903225806 0.04838709677419355 0.03225806451612903 0.03225806451612903 0.11290322580645161 0.06451612903225806 0.03225806451612903 0.0967741935483871 0.11290322580645161 0.03225806451612903 0.0967741935483871 0.03225806451612903 0.03225806451612903 0.06451612903225806 0.06451612903225806 0.03225806451612903 
0.037383177570093455 0.037383177570093455 0.06542056074766354 0.037383177570093455 0.018691588785046728 0.018691588785046728 0.028037383177570093 0.018691588785046728 0.028037383177570093 0.19626168224299065 0.09345794392523364 0.1588785046728972 0.028037383177570093 0.018691588785046728 0.056074766355140186 0.056074766355140186 0.102803738317757 
0.8940809968847352 0.006230529595015576 0.006230529595015576 0.009345794392523364 0.009345794392523364 0.006230529595015576 0.006230529595015576 0.006230529595015576 0.006230529595015576 0.006230529595015576 0.006230529595015576 0.006230529595015576 0.006230529595015576 0.006230529595015576 0.006230529595015576 0.006230529595015576 0.006230529595015576 
0.019230769230769232 0.038461538461538464 0.15384615384615385 0.019230769230769232 0.057692307692307696 0.028846153846153848 0.038461538461538464 0.019230769230769232 0.04807692307692308 0.07692307692307693 0.04807692307692308 0.10576923076923077 0.028846153846153848 0.057692307692307696 0.038461538461538464 0.019230769230769232 0.20192307692307693 
0.812807881773399 0.014778325123152709 0.009852216748768473 0.009852216748768473 0.009852216748768473 0.009852216748768473 0.009852216748768473 0.029556650246305417 0.009852216748768473 0.014778325123152709 0.009852216748768473 0.009852216748768473 0.009852216748768473 0.009852216748768473 0.009852216748768473 0.009852216748768473 0.009852216748768473 
0.034482758620689655 0.08620689655172414 0.05172413793103448 0.05172413793103448 0.05172413793103448 0.06896551724137931 0.034482758620689655 0.034482758620689655 0.034482758620689655 0.08620689655172414 0.08620689655172414 0.08620689655172414 0.05172413793103448 0.06896551724137931 0.034482758620689655 0.034482758620689655 0.10344827586206896 
0.02564102564102564 0.038461538461538464 0.02564102564102564 0.02564102564102564 0.23076923076923078 0.038461538461538464 0.02564102564102564 0.02564102564102564 0.038461538461538464 0.038461538461538464 0.038461538461538464 0.038461538461538464 0.038461538461538464 0.038461538461538464 0.14102564102564102 0.02564102564102564 0.16666666666666666 
0.031914893617021274 0.02127659574468085 0.09574468085106383 0.18085106382978725 0.26595744680851063 0.0425531914893617 0.02127659574468085 0.02127659574468085 0.031914893617021274 0.0425531914893617 0.0425531914893617 0.02127659574468085 0.031914893617021274 0.0425531914893617 0.0425531914893617 0.02127659574468085 0.0425531914893617 
0.0273972602739726 0.0547945205479452 0.0410958904109589 0.0273972602739726 0.3835616438356164 0.0273972602739726 0.0273972602739726 0.0273972602739726 0.0273972602739726 0.0273972602739726 0.0547945205479452 0.0410958904109589 0.0273972602739726 0.0273972602739726 0.0410958904109589 0.0273972602739726 0.1095890410958904 
0.03333333333333333 0.05 0.05 0.05 0.08333333333333333 0.05 0.05 0.03333333333333333 0.05 0.08333333333333333 0.06666666666666667 0.15 0.05 0.1 0.03333333333333333 0.03333333333333333 0.03333333333333333 
0.009708737864077669 0.038834951456310676 0.019417475728155338 0.02912621359223301 0.05825242718446602 0.009708737864077669 0.024271844660194174 0.009708737864077669 0.009708737864077669 0.038834951456310676 0.019417475728155338 0.6262135922330098 0.024271844660194174 0.019417475728155338 0.038834951456310676 0.014563106796116505 0.009708737864077669 
0.0425531914893617 0.06382978723404255 0.0851063829787234 0.0425531914893617 0.10638297872340426 0.06382978723404255 0.06382978723404255 0.06382978723404255 0.06382978723404255 0.0851063829787234 0.0425531914893617 0.0425531914893617 0.0425531914893617 0.0425531914893617 0.0425531914893617 0.06382978723404255 0.0425531914893617 
0.05747126436781609 0.04597701149425287 0.05747126436781609 0.10344827586206896 0.16091954022988506 0.022988505747126436 0.022988505747126436 0.022988505747126436 0.06896551724137931 0.06896551724137931 0.06896551724137931 0.022988505747126436 0.04597701149425287 0.022988505747126436 0.04597701149425287 0.05747126436781609 0.10344827586206896 
0.006309148264984227 0.012618296529968454 0.00946372239747634 0.006309148264984227 0.00946372239747634 0.006309148264984227 0.012618296529968454 0.006309148264984227 0.006309148264984227 0.006309148264984227 0.012618296529968454 0.006309148264984227 0.015772870662460567 0.8580441640378549 0.006309148264984227 0.006309148264984227 0.012618296529968454 
0.02555366269165247 0.013628620102214651 0.0034071550255536627 0.005110732538330494 0.015332197614991482 0.039182282793867124 0.010221465076660987 0.08006814310051108 0.0034071550255536627 0.04088586030664395 0.010221465076660987 0.02555366269165247 0.022146507666098807 0.02385008517887564 0.0034071550255536627 0.6678023850085179 0.010221465076660987 
0.014388489208633094 0.014388489208633094 0.014388489208633094 0.014388489208633094 0.04316546762589928 0.03597122302158273 0.014388489208633094 0.07194244604316546 0.02158273381294964 0.02877697841726619 0.10071942446043165 0.02158273381294964 0.014388489208633094 0.02877697841726619 0.02158273381294964 0.5251798561151079 0.014388489208633094 
0.0379746835443038 0.0379746835443038 0.24050632911392406 0.0759493670886076 0.05063291139240506 0.08860759493670886 0.02531645569620253 0.02531645569620253 0.02531645569620253 0.02531645569620253 0.05063291139240506 0.0379746835443038 0.0379746835443038 0.0759493670886076 0.0379746835443038 0.02531645569620253 0.10126582278481013 
0.018867924528301886 0.0660377358490566 0.018867924528301886 0.018867924528301886 0.09433962264150944 0.02830188679245283 0.018867924528301886 0.018867924528301886 0.03773584905660377 0.02830188679245283 0.018867924528301886 0.4811320754716981 0.018867924528301886 0.02830188679245283 0.05660377358490566 0.02830188679245283 0.018867924528301886 
0.011363636363636364 0.6647727272727273 0.017045454545454544 0.017045454545454544 0.017045454545454544 0.017045454545454544 0.011363636363636364 0.011363636363636364 0.022727272727272728 0.011363636363636364 0.045454545454545456 0.011363636363636364 0.011363636363636364 0.011363636363636364 0.022727272727272728 0.03409090909090909 0.0625 
0.026785714285714284 0.14285714285714285 0.39285714285714285 0.026785714285714284 0.026785714285714284 0.026785714285714284 0.026785714285714284 0.03571428571428571 0.026785714285714284 0.026785714285714284 0.017857142857142856 0.0625 0.026785714285714284 0.026785714285714284 0.05357142857142857 0.03571428571428571 0.017857142857142856 
0.029850746268656716 0.04477611940298507 0.08955223880597014 0.029850746268656716 0.029850746268656716 0.07462686567164178 0.04477611940298507 0.029850746268656716 0.04477611940298507 0.08955223880597014 0.029850746268656716 0.19402985074626866 0.04477611940298507 0.08955223880597014 0.04477611940298507 0.04477611940298507 0.04477611940298507 
0.03361344537815126 0.025210084033613446 0.058823529411764705 0.14285714285714285 0.03361344537815126 0.05042016806722689 0.03361344537815126 0.03361344537815126 0.01680672268907563 0.13445378151260504 0.03361344537815126 0.13445378151260504 0.058823529411764705 0.03361344537815126 0.11764705882352941 0.03361344537815126 0.025210084033613446 
0.03896103896103896 0.025974025974025976 0.22077922077922077 0.06493506493506493 0.025974025974025976 0.03896103896103896 0.07792207792207792 0.025974025974025976 0.025974025974025976 0.06493506493506493 0.03896103896103896 0.1038961038961039 0.025974025974025976 0.03896103896103896 0.06493506493506493 0.025974025974025976 0.09090909090909091 
0.043209876543209874 0.012345679012345678 0.16049382716049382 0.09259259259259259 0.07407407407407407 0.012345679012345678 0.018518518518518517 0.012345679012345678 0.024691358024691357 0.17901234567901234 0.08024691358024691 0.06172839506172839 0.04938271604938271 0.024691358024691357 0.043209876543209874 0.037037037037037035 0.07407407407407407 
0.021604938271604937 0.027777777777777776 0.04938271604938271 0.021604938271604937 0.05864197530864197 0.037037037037037035 0.05864197530864197 0.006172839506172839 0.024691358024691357 0.05246913580246913 0.009259259259259259 0.3395061728395062 0.024691358024691357 0.04938271604938271 0.09876543209876543 0.030864197530864196 0.08950617283950617 
0.032520325203252036 0.032520325203252036 0.032520325203252036 0.024390243902439025 0.3333333333333333 0.07317073170731707 0.016260162601626018 0.04065040650406504 0.016260162601626018 0.07317073170731707 0.032520325203252036 0.024390243902439025 0.024390243902439025 0.04878048780487805 0.13821138211382114 0.04065040650406504 0.016260162601626018 
0.015748031496062992 0.023622047244094488 0.015748031496062992 0.015748031496062992 0.015748031496062992 0.023622047244094488 0.015748031496062992 0.015748031496062992 0.015748031496062992 0.015748031496062992 0.7086614173228346 0.015748031496062992 0.015748031496062992 0.015748031496062992 0.015748031496062992 0.015748031496062992 0.03937007874015748 
0.02247191011235955 0.0449438202247191 0.10112359550561797 0.12359550561797752 0.02247191011235955 0.0449438202247191 0.033707865168539325 0.0449438202247191 0.033707865168539325 0.02247191011235955 0.06741573033707865 0.056179775280898875 0.056179775280898875 0.02247191011235955 0.02247191011235955 0.02247191011235955 0.25842696629213485 
0.04417670682730924 0.028112449799196786 0.13253012048192772 0.01606425702811245 0.012048192771084338 0.008032128514056224 0.05622489959839357 0.5020080321285141 0.012048192771084338 0.03614457831325301 0.040160642570281124 0.008032128514056224 0.040160642570281124 0.008032128514056224 0.028112449799196786 0.01606425702811245 0.012048192771084338 
0.022222222222222223 0.05925925925925926 0.037037037037037035 0.044444444444444446 0.16296296296296298 0.05185185185185185 0.044444444444444446 0.014814814814814815 0.022222222222222223 0.014814814814814815 0.02962962962962963 0.1259259259259259 0.02962962962962963 0.02962962962962963 0.044444444444444446 0.014814814814814815 0.2518518518518518 
0.0034965034965034965 0.0034965034965034965 0.0034965034965034965 0.006993006993006993 0.004370629370629371 0.9318181818181818 0.0026223776223776225 0.0026223776223776225 0.0034965034965034965 0.005244755244755245 0.006118881118881119 0.006118881118881119 0.0034965034965034965 0.0034965034965034965 0.004370629370629371 0.0017482517482517483 0.006993006993006993 
0.021739130434782608 0.021739130434782608 0.03260869565217391 0.05434782608695652 0.043478260869565216 0.03260869565217391 0.021739130434782608 0.11956521739130435 0.07608695652173914 0.05434782608695652 0.11956521739130435 0.03260869565217391 0.07608695652173914 0.043478260869565216 0.14130434782608695 0.08695652173913043 0.021739130434782608 
0.03529411764705882 0.023529411764705882 0.03529411764705882 0.023529411764705882 0.4117647058823529 0.07058823529411765 0.03529411764705882 0.023529411764705882 0.023529411764705882 0.023529411764705882 0.023529411764705882 0.03529411764705882 0.03529411764705882 0.07058823529411765 0.08235294117647059 0.023529411764705882 0.023529411764705882 
0.8226600985221675 0.009852216748768473 0.009852216748768473 0.009852216748768473 0.014778325123152709 0.009852216748768473 0.009852216748768473 0.014778325123152709 0.009852216748768473 0.009852216748768473 0.014778325123152709 0.009852216748768473 0.009852216748768473 0.014778325123152709 0.009852216748768473 0.009852216748768473 0.009852216748768473 
0.03333333333333333 0.03333333333333333 0.18888888888888888 0.07777777777777778 0.06666666666666667 0.08888888888888889 0.05555555555555555 0.044444444444444446 0.022222222222222223 0.044444444444444446 0.07777777777777778 0.022222222222222223 0.03333333333333333 0.044444444444444446 0.03333333333333333 0.044444444444444446 0.08888888888888889 
0.034482758620689655 0.05172413793103448 0.034482758620689655 0.10344827586206896 0.06896551724137931 0.034482758620689655 0.05172413793103448 0.034482758620689655 0.05172413793103448 0.05172413793103448 0.05172413793103448 0.034482758620689655 0.034482758620689655 0.05172413793103448 0.05172413793103448 0.034482758620689655 0.22413793103448276 
0.015214384508990318 0.0027662517289073307 0.006915629322268326 0.005532503457814661 0.008298755186721992 0.005532503457814661 0.011065006915629323 0.004149377593360996 0.8921161825726142 0.006915629322268326 0.006915629322268326 0.0027662517289073307 0.0027662517289073307 0.004149377593360996 0.009681881051175657 0.0027662517289073307 0.012448132780082987 
0.018691588785046728 0.07009345794392523 0.02336448598130841 0.028037383177570093 0.14953271028037382 0.009345794392523364 0.037383177570093455 0.02336448598130841 0.037383177570093455 0.02336448598130841 0.02336448598130841 0.02336448598130841 0.037383177570093455 0.04205607476635514 0.40186915887850466 0.014018691588785047 0.037383177570093455 
0.0410958904109589 0.0273972602739726 0.0273972602739726 0.0410958904109589 0.273972602739726 0.1095890410958904 0.0547945205479452 0.0273972602739726 0.0410958904109589 0.0273972602739726 0.0684931506849315 0.0410958904109589 0.0547945205479452 0.0684931506849315 0.0410958904109589 0.0273972602739726 0.0273972602739726 
0.005797101449275362 0.028985507246376812 0.7681159420289855 0.011594202898550725 0.008695652173913044 0.014492753623188406 0.008695652173913044 0.005797101449275362 0.008695652173913044 0.02318840579710145 0.014492753623188406 0.020289855072463767 0.020289855072463767 0.020289855072463767 0.008695652173913044 0.008695652173913044 0.02318840579710145 
0.0125 0.78125 0.0125 0.01875 0.0125 0.01875 0.0125 0.0125 0.0125 0.0125 0.0125 0.0125 0.0125 0.01875 0.0125 0.0125 0.0125 
0.06097560975609756 0.036585365853658534 0.15853658536585366 0.036585365853658534 0.06097560975609756 0.024390243902439025 0.036585365853658534 0.024390243902439025 0.024390243902439025 0.024390243902439025 0.036585365853658534 0.07317073170731707 0.036585365853658534 0.04878048780487805 0.024390243902439025 0.024390243902439025 0.2682926829268293 
0.01680672268907563 0.01680672268907563 0.15126050420168066 0.058823529411764705 0.11764705882352941 0.058823529411764705 0.05042016806722689 0.01680672268907563 0.01680672268907563 0.058823529411764705 0.04201680672268908 0.07563025210084033 0.05042016806722689 0.05042016806722689 0.058823529411764705 0.03361344537815126 0.12605042016806722 
0.014285714285714285 0.05714285714285714 0.02857142857142857 0.014285714285714285 0.02142857142857143 0.04285714285714286 0.03571428571428571 0.014285714285714285 0.02857142857142857 0.05714285714285714 0.014285714285714285 0.11428571428571428 0.03571428571428571 0.07142857142857142 0.03571428571428571 0.02142857142857143 0.39285714285714285 
0.02127659574468085 0.02553191489361702 0.05106382978723404 0.01702127659574468 0.1276595744680851 0.04680851063829787 0.0425531914893617 0.2765957446808511 0.02127659574468085 0.02127659574468085 0.06382978723404255 0.10638297872340426 0.03404255319148936 0.04680851063829787 0.029787234042553193 0.05106382978723404 0.01702127659574468 
0.041666666666666664 0.041666666666666664 0.027777777777777776 0.041666666666666664 0.027777777777777776 0.027777777777777776 0.06944444444444445 0.041666666666666664 0.027777777777777776 0.06944444444444445 0.125 0.20833333333333334 0.027777777777777776 0.041666666666666664 0.125 0.027777777777777776 0.027777777777777776 
0.04 0.11 0.03 0.14 0.16 0.02 0.04 0.03 0.04 0.03 0.02 0.07 0.03 0.04 0.05 0.04 0.11 
0.015748031496062992 0.015748031496062992 0.015748031496062992 0.015748031496062992 0.023622047244094488 0.015748031496062992 0.015748031496062992 0.015748031496062992 0.015748031496062992 0.015748031496062992 0.7007874015748031 0.015748031496062992 0.023622047244094488 0.015748031496062992 0.023622047244094488 0.015748031496062992 0.03937007874015748 
0.051470588235294115 0.03676470588235294 0.058823529411764705 0.014705882352941176 0.022058823529411766 0.03676470588235294 0.03676470588235294 0.014705882352941176 0.058823529411764705 0.08088235294117647 0.08088235294117647 0.25735294117647056 0.029411764705882353 0.0661764705882353 0.058823529411764705 0.04411764705882353 0.051470588235294115 
0.05747126436781609 0.034482758620689655 0.022988505747126436 0.04597701149425287 0.04597701149425287 0.04597701149425287 0.034482758620689655 0.022988505747126436 0.022988505747126436 0.022988505747126436 0.04597701149425287 0.10344827586206896 0.10344827586206896 0.04597701149425287 0.09195402298850575 0.09195402298850575 0.16091954022988506 
0.021505376344086023 0.021505376344086023 0.021505376344086023 0.5483870967741935 0.03225806451612903 0.03225806451612903 0.021505376344086023 0.021505376344086023 0.021505376344086023 0.03225806451612903 0.03225806451612903 0.06451612903225806 0.03225806451612903 0.021505376344086023 0.021505376344086023 0.021505376344086023 0.03225806451612903 
0.025974025974025976 0.025974025974025976 0.03896103896103896 0.11688311688311688 0.19480519480519481 0.05194805194805195 0.025974025974025976 0.03896103896103896 0.03896103896103896 0.03896103896103896 0.03896103896103896 0.025974025974025976 0.05194805194805195 0.025974025974025976 0.05194805194805195 0.03896103896103896 0.16883116883116883 
0.07865168539325842 0.033707865168539325 0.11235955056179775 0.02247191011235955 0.06741573033707865 0.056179775280898875 0.02247191011235955 0.056179775280898875 0.033707865168539325 0.033707865168539325 0.12359550561797752 0.033707865168539325 0.0449438202247191 0.02247191011235955 0.07865168539325842 0.10112359550561797 0.07865168539325842 
0.020833333333333332 0.041666666666666664 0.034722222222222224 0.1875 0.027777777777777776 0.020833333333333332 0.027777777777777776 0.013888888888888888 0.020833333333333332 0.2152777777777778 0.027777777777777776 0.0763888888888889 0.034722222222222224 0.0763888888888889 0.09027777777777778 0.013888888888888888 0.06944444444444445 
0.012738853503184714 0.06369426751592357 0.01910828025477707 0.01910828025477707 0.11464968152866242 0.012738853503184714 0.050955414012738856 0.012738853503184714 0.025477707006369428 0.03821656050955414 0.025477707006369428 0.2484076433121019 0.050955414012738856 0.09554140127388536 0.07643312101910828 0.01910828025477707 0.11464968152866242 
0.02631578947368421 0.09210526315789473 0.039473684210526314 0.07894736842105263 0.15789473684210525 0.02631578947368421 0.05263157894736842 0.05263157894736842 0.02631578947368421 0.02631578947368421 0.039473684210526314 0.02631578947368421 0.039473684210526314 0.06578947368421052 0.02631578947368421 0.039473684210526314 0.18421052631578946 
0.023952095808383235 0.08982035928143713 0.07784431137724551 0.0658682634730539 0.023952095808383235 0.09580838323353294 0.029940119760479042 0.023952095808383235 0.011976047904191617 0.1437125748502994 0.017964071856287425 0.059880239520958084 0.04790419161676647 0.11976047904191617 0.059880239520958084 0.05389221556886228 0.05389221556886228 
0.02912621359223301 0.02912621359223301 0.1262135922330097 0.07766990291262135 0.18446601941747573 0.08737864077669903 0.04854368932038835 0.019417475728155338 0.04854368932038835 0.019417475728155338 0.038834951456310676 0.04854368932038835 0.038834951456310676 0.038834951456310676 0.0970873786407767 0.02912621359223301 0.038834951456310676 
0.029411764705882353 0.029411764705882353 0.029411764705882353 0.04411764705882353 0.04411764705882353 0.029411764705882353 0.029411764705882353 0.029411764705882353 0.029411764705882353 0.029411764705882353 0.04411764705882353 0.058823529411764705 0.029411764705882353 0.029411764705882353 0.04411764705882353 0.029411764705882353 0.4411764705882353 
0.04054054054054054 0.0945945945945946 0.04054054054054054 0.06756756756756757 0.04054054054054054 0.02702702702702703 0.05405405405405406 0.04054054054054054 0.06756756756756757 0.17567567567567569 0.04054054054054054 0.02702702702702703 0.05405405405405406 0.08108108108108109 0.06756756756756757 0.02702702702702703 0.05405405405405406 
0.06896551724137931 0.034482758620689655 0.05172413793103448 0.08620689655172414 0.06896551724137931 0.034482758620689655 0.034482758620689655 0.034482758620689655 0.08620689655172414 0.06896551724137931 0.05172413793103448 0.034482758620689655 0.10344827586206896 0.05172413793103448 0.06896551724137931 0.05172413793103448 0.06896551724137931 
0.036585365853658534 0.024390243902439025 0.036585365853658534 0.04878048780487805 0.024390243902439025 0.06097560975609756 0.024390243902439025 0.024390243902439025 0.04878048780487805 0.10975609756097561 0.036585365853658534 0.21951219512195122 0.07317073170731707 0.04878048780487805 0.04878048780487805 0.036585365853658534 0.0975609756097561 
0.029411764705882353 0.04411764705882353 0.029411764705882353 0.10294117647058823 0.058823529411764705 0.07352941176470588 0.029411764705882353 0.04411764705882353 0.029411764705882353 0.07352941176470588 0.04411764705882353 0.14705882352941177 0.04411764705882353 0.04411764705882353 0.10294117647058823 0.029411764705882353 0.07352941176470588 
0.02857142857142857 0.06190476190476191 0.014285714285714285 0.04285714285714286 0.47619047619047616 0.03333333333333333 0.009523809523809525 0.009523809523809525 0.01904761904761905 0.06190476190476191 0.0380952380952381 0.023809523809523808 0.014285714285714285 0.023809523809523808 0.0761904761904762 0.03333333333333333 0.03333333333333333 
0.03333333333333333 0.06666666666666667 0.05555555555555555 0.06666666666666667 0.12222222222222222 0.022222222222222223 0.03333333333333333 0.022222222222222223 0.022222222222222223 0.03333333333333333 0.05555555555555555 0.25555555555555554 0.022222222222222223 0.05555555555555555 0.044444444444444446 0.022222222222222223 0.06666666666666667 
0.0125 0.7875 0.0125 0.0125 0.0125 0.0125 0.0125 0.0125 0.01875 0.0125 0.0125 0.0125 0.0125 0.01875 0.0125 0.0125 0.0125 
0.015748031496062992 0.03937007874015748 0.015748031496062992 0.3700787401574803 0.047244094488188976 0.06299212598425197 0.015748031496062992 0.031496062992125984 0.031496062992125984 0.023622047244094488 0.03937007874015748 0.031496062992125984 0.13385826771653545 0.031496062992125984 0.023622047244094488 0.023622047244094488 0.06299212598425197 
0.038461538461538464 0.057692307692307696 0.038461538461538464 0.057692307692307696 0.09615384615384616 0.11538461538461539 0.038461538461538464 0.057692307692307696 0.038461538461538464 0.057692307692307696 0.038461538461538464 0.07692307692307693 0.057692307692307696 0.038461538461538464 0.11538461538461539 0.038461538461538464 0.038461538461538464 
0.028846153846153848 0.0673076923076923 0.04807692307692308 0.038461538461538464 0.04807692307692308 0.028846153846153848 0.019230769230769232 0.019230769230769232 0.019230769230769232 0.08653846153846154 0.23076923076923078 0.17307692307692307 0.028846153846153848 0.057692307692307696 0.019230769230769232 0.019230769230769232 0.0673076923076923 
0.015873015873015872 0.015873015873015872 0.015873015873015872 0.042328042328042326 0.15873015873015872 0.047619047619047616 0.015873015873015872 0.015873015873015872 0.05291005291005291 0.047619047619047616 0.015873015873015872 0.42857142857142855 0.026455026455026454 0.015873015873015872 0.026455026455026454 0.037037037037037035 0.021164021164021163 
0.026785714285714284 0.022321428571428572 0.049107142857142856 0.044642857142857144 0.04017857142857143 0.10267857142857142 0.022321428571428572 0.008928571428571428 0.03125 0.10267857142857142 0.044642857142857144 0.16071428571428573 0.008928571428571428 0.12946428571428573 0.11160714285714286 0.022321428571428572 0.07142857142857142 
0.046875 0.0625 0.09375 0.0625 0.03125 0.046875 0.125 0.03125 0.03125 0.03125 0.03125 0.125 0.046875 0.046875 0.078125 0.03125 0.078125 
0.029850746268656716 0.029850746268656716 0.04477611940298507 0.029850746268656716 0.029850746268656716 0.07462686567164178 0.029850746268656716 0.029850746268656716 0.04477611940298507 0.08955223880597014 0.04477611940298507 0.04477611940298507 0.029850746268656716 0.07462686567164178 0.26865671641791045 0.029850746268656716 0.07462686567164178 
0.02586206896551724 0.04310344827586207 0.5517241379310345 0.017241379310344827 0.02586206896551724 0.02586206896551724 0.017241379310344827 0.017241379310344827 0.017241379310344827 0.017241379310344827 0.017241379310344827 0.02586206896551724 0.017241379310344827 0.017241379310344827 0.07758620689655173 0.017241379310344827 0.06896551724137931 
0.0273972602739726 0.0273972602739726 0.0273972602739726 0.2191780821917808 0.1232876712328767 0.0958904109589041 0.0410958904109589 0.0410958904109589 0.0410958904109589 0.0273972602739726 0.0273972602739726 0.0273972602739726 0.0273972602739726 0.0547945205479452 0.0958904109589041 0.0410958904109589 0.0547945205479452 
0.058823529411764705 0.058823529411764705 0.04411764705882353 0.04411764705882353 0.04411764705882353 0.029411764705882353 0.058823529411764705 0.029411764705882353 0.029411764705882353 0.11764705882352941 0.029411764705882353 0.19117647058823528 0.058823529411764705 0.029411764705882353 0.07352941176470588 0.058823529411764705 0.04411764705882353 
0.03418803418803419 0.11965811965811966 0.07692307692307693 0.06837606837606838 0.07692307692307693 0.05128205128205128 0.017094017094017096 0.017094017094017096 0.017094017094017096 0.03418803418803419 0.03418803418803419 0.11965811965811966 0.09401709401709402 0.042735042735042736 0.06837606837606838 0.06837606837606838 0.05982905982905983 
0.06060606060606061 0.18181818181818182 0.045454545454545456 0.045454545454545456 0.030303030303030304 0.06060606060606061 0.030303030303030304 0.045454545454545456 0.06060606060606061 0.09090909090909091 0.030303030303030304 0.07575757575757576 0.030303030303030304 0.045454545454545456 0.06060606060606061 0.06060606060606061 0.045454545454545456 
0.031746031746031744 0.031746031746031744 0.047619047619047616 0.07936507936507936 0.07936507936507936 0.09523809523809523 0.047619047619047616 0.031746031746031744 0.031746031746031744 0.07936507936507936 0.07936507936507936 0.07936507936507936 0.031746031746031744 0.06349206349206349 0.09523809523809523 0.047619047619047616 0.047619047619047616 
0.030927835051546393 0.030927835051546393 0.05154639175257732 0.041237113402061855 0.020618556701030927 0.041237113402061855 0.030927835051546393 0.05154639175257732 0.030927835051546393 0.030927835051546393 0.041237113402061855 0.020618556701030927 0.4536082474226804 0.020618556701030927 0.030927835051546393 0.05154639175257732 0.020618556701030927 
0.05555555555555555 0.041666666666666664 0.041666666666666664 0.041666666666666664 0.2777777777777778 0.027777777777777776 0.041666666666666664 0.027777777777777776 0.06944444444444445 0.027777777777777776 0.041666666666666664 0.041666666666666664 0.027777777777777776 0.041666666666666664 0.027777777777777776 0.041666666666666664 0.125 
0.05333333333333334 0.04 0.04 0.09333333333333334 0.22666666666666666 0.12 0.04 0.04 0.05333333333333334 0.02666666666666667 0.02666666666666667 0.04 0.02666666666666667 0.05333333333333334 0.02666666666666667 0.02666666666666667 0.06666666666666667 
0.0060790273556231 0.03343465045592705 0.013677811550151976 0.034954407294832825 0.0425531914893617 0.030395136778115502 0.0668693009118541 0.42401215805471126 0.0243161094224924 0.0121580547112462 0.016717325227963525 0.09422492401215805 0.10486322188449848 0.010638297872340425 0.0668693009118541 0.004559270516717325 0.013677811550151976 
0.03125 0.008928571428571428 0.03125 0.013392857142857142 0.013392857142857142 0.008928571428571428 0.026785714285714284 0.5267857142857143 0.04017857142857143 0.013392857142857142 0.022321428571428572 0.15178571428571427 0.013392857142857142 0.017857142857142856 0.04017857142857143 0.026785714285714284 0.013392857142857142 
0.06666666666666667 0.05 0.041666666666666664 0.16666666666666666 0.075 0.025 0.025 0.05 0.041666666666666664 0.05 0.03333333333333333 0.1 0.025 0.058333333333333334 0.075 0.058333333333333334 0.058333333333333334 
0.028169014084507043 0.056338028169014086 0.07042253521126761 0.04225352112676056 0.09859154929577464 0.08450704225352113 0.04225352112676056 0.028169014084507043 0.056338028169014086 0.07042253521126761 0.04225352112676056 0.028169014084507043 0.056338028169014086 0.056338028169014086 0.056338028169014086 0.07042253521126761 0.11267605633802817 
0.02702702702702703 0.10135135135135136 0.04054054054054054 0.033783783783783786 0.17567567567567569 0.0472972972972973 0.02027027027027027 0.033783783783783786 0.013513513513513514 0.07432432432432433 0.05405405405405406 0.05405405405405406 0.02027027027027027 0.033783783783783786 0.02702702702702703 0.02702702702702703 0.21621621621621623 
0.02666666666666667 0.10666666666666667 0.04 0.10666666666666667 0.02666666666666667 0.08 0.05333333333333334 0.02666666666666667 0.08 0.05333333333333334 0.02666666666666667 0.12 0.05333333333333334 0.06666666666666667 0.02666666666666667 0.02666666666666667 0.08 
0.0125 0.78125 0.01875 0.0125 0.0125 0.01875 0.0125 0.0125 0.0125 0.0125 0.01875 0.0125 0.0125 0.0125 0.0125 0.0125 0.0125 
0.021505376344086023 0.043010752688172046 0.021505376344086023 0.021505376344086023 0.44086021505376344 0.03225806451612903 0.03225806451612903 0.021505376344086023 0.03225806451612903 0.043010752688172046 0.053763440860215055 0.053763440860215055 0.021505376344086023 0.021505376344086023 0.06451612903225806 0.043010752688172046 0.03225806451612903 
0.03225806451612903 0.04838709677419355 0.03225806451612903 0.03225806451612903 0.04838709677419355 0.04838709677419355 0.06451612903225806 0.04838709677419355 0.14516129032258066 0.04838709677419355 0.03225806451612903 0.16129032258064516 0.03225806451612903 0.03225806451612903 0.0967741935483871 0.03225806451612903 0.06451612903225806 
0.034482758620689655 0.034482758620689655 0.05172413793103448 0.05172413793103448 0.13793103448275862 0.034482758620689655 0.034482758620689655 0.05172413793103448 0.034482758620689655 0.034482758620689655 0.05172413793103448 0.06896551724137931 0.05172413793103448 0.05172413793103448 0.08620689655172414 0.06896551724137931 0.1206896551724138 
0.012738853503184714 0.025477707006369428 0.012738853503184714 0.6369426751592356 0.03821656050955414 0.012738853503184714 0.012738853503184714 0.012738853503184714 0.012738853503184714 0.025477707006369428 0.025477707006369428 0.012738853503184714 0.012738853503184714 0.03184713375796178 0.01910828025477707 0.012738853503184714 0.08280254777070063 
0.06666666666666667 0.08 0.08 0.02666666666666667 0.02666666666666667 0.06666666666666667 0.02666666666666667 0.04 0.04 0.08 0.04 0.08 0.12 0.02666666666666667 0.10666666666666667 0.04 0.05333333333333334 
0.04938271604938271 0.024691358024691357 0.2345679012345679 0.06172839506172839 0.037037037037037035 0.037037037037037035 0.037037037037037035 0.024691358024691357 0.024691358024691357 0.1728395061728395 0.037037037037037035 0.037037037037037035 0.024691358024691357 0.04938271604938271 0.08641975308641975 0.024691358024691357 0.037037037037037035 
0.06060606060606061 0.030303030303030304 0.045454545454545456 0.030303030303030304 0.25757575757575757 0.045454545454545456 0.030303030303030304 0.030303030303030304 0.045454545454545456 0.045454545454545456 0.06060606060606061 0.09090909090909091 0.030303030303030304 0.07575757575757576 0.045454545454545456 0.030303030303030304 0.045454545454545456 
0.04918032786885246 0.03278688524590164 0.04918032786885246 0.09836065573770492 0.19672131147540983 0.04918032786885246 0.04918032786885246 0.03278688524590164 0.03278688524590164 0.04918032786885246 0.04918032786885246 0.04918032786885246 0.04918032786885246 0.06557377049180328 0.08196721311475409 0.03278688524590164 0.03278688524590164 
0.016666666666666666 0.025 0.03333333333333333 0.45 0.05 0.025 0.016666666666666666 0.016666666666666666 0.025 0.075 0.025 0.05 0.03333333333333333 0.08333333333333333 0.041666666666666664 0.016666666666666666 0.016666666666666666 
0.02040816326530612 0.02040816326530612 0.04081632653061224 0.05102040816326531 0.030612244897959183 0.030612244897959183 0.02040816326530612 0.030612244897959183 0.030612244897959183 0.4489795918367347 0.02040816326530612 0.030612244897959183 0.02040816326530612 0.061224489795918366 0.02040816326530612 0.02040816326530612 0.10204081632653061 
0.05154639175257732 0.020618556701030927 0.041237113402061855 0.18556701030927836 0.041237113402061855 0.020618556701030927 0.030927835051546393 0.030927835051546393 0.020618556701030927 0.08247422680412371 0.061855670103092786 0.030927835051546393 0.05154639175257732 0.09278350515463918 0.041237113402061855 0.05154639175257732 0.14432989690721648 
0.03225806451612903 0.04838709677419355 0.03225806451612903 0.12903225806451613 0.11290322580645161 0.08064516129032258 0.03225806451612903 0.06451612903225806 0.04838709677419355 0.04838709677419355 0.03225806451612903 0.08064516129032258 0.04838709677419355 0.06451612903225806 0.04838709677419355 0.04838709677419355 0.04838709677419355 
0.030534351145038167 0.06870229007633588 0.030534351145038167 0.08396946564885496 0.11450381679389313 0.061068702290076333 0.030534351145038167 0.015267175572519083 0.022900763358778626 0.030534351145038167 0.061068702290076333 0.11450381679389313 0.061068702290076333 0.061068702290076333 0.09923664122137404 0.04580152671755725 0.06870229007633588 
0.03529411764705882 0.047058823529411764 0.03529411764705882 0.058823529411764705 0.023529411764705882 0.03529411764705882 0.047058823529411764 0.023529411764705882 0.03529411764705882 0.1411764705882353 0.03529411764705882 0.2 0.03529411764705882 0.07058823529411765 0.023529411764705882 0.03529411764705882 0.11764705882352941 
0.01568627450980392 0.03137254901960784 0.023529411764705882 0.0392156862745098 0.050980392156862744 0.0196078431372549 0.0784313725490196 0.4549019607843137 0.03137254901960784 0.011764705882352941 0.01568627450980392 0.07058823529411765 0.0196078431372549 0.011764705882352941 0.050980392156862744 0.03529411764705882 0.0392156862745098 
0.0273972602739726 0.0547945205479452 0.0273972602739726 0.0547945205479452 0.3561643835616438 0.0273972602739726 0.0410958904109589 0.0273972602739726 0.0273972602739726 0.0410958904109589 0.0684931506849315 0.0273972602739726 0.0273972602739726 0.0273972602739726 0.0410958904109589 0.0273972602739726 0.0958904109589041 
0.7563025210084033 0.012605042016806723 0.008403361344537815 0.012605042016806723 0.01680672268907563 0.008403361344537815 0.037815126050420166 0.01680672268907563 0.008403361344537815 0.008403361344537815 0.008403361344537815 0.025210084033613446 0.008403361344537815 0.037815126050420166 0.012605042016806723 0.008403361344537815 0.012605042016806723 
0.03773584905660377 0.02830188679245283 0.018867924528301886 0.12264150943396226 0.22641509433962265 0.03773584905660377 0.018867924528301886 0.018867924528301886 0.02830188679245283 0.09433962264150944 0.03773584905660377 0.03773584905660377 0.05660377358490566 0.0660377358490566 0.02830188679245283 0.0660377358490566 0.07547169811320754 
0.04195804195804196 0.02097902097902098 0.07692307692307693 0.2727272727272727 0.11188811188811189 0.03496503496503497 0.027972027972027972 0.027972027972027972 0.027972027972027972 0.08391608391608392 0.02097902097902098 0.03496503496503497 0.04895104895104895 0.06293706293706294 0.027972027972027972 0.03496503496503497 0.04195804195804196 
0.014084507042253521 0.028169014084507043 0.014084507042253521 0.014084507042253521 0.02112676056338028 0.014084507042253521 0.02112676056338028 0.676056338028169 0.014084507042253521 0.035211267605633804 0.02112676056338028 0.02112676056338028 0.028169014084507043 0.014084507042253521 0.028169014084507043 0.02112676056338028 0.014084507042253521 
0.03333333333333333 0.03333333333333333 0.041666666666666664 0.041666666666666664 0.025 0.05 0.016666666666666666 0.058333333333333334 0.025 0.09166666666666666 0.075 0.20833333333333334 0.05 0.10833333333333334 0.05 0.03333333333333333 0.058333333333333334 
0.010309278350515464 0.010309278350515464 0.010309278350515464 0.010309278350515464 0.010309278350515464 0.010309278350515464 0.010309278350515464 0.010309278350515464 0.010309278350515464 0.015463917525773196 0.8298969072164949 0.010309278350515464 0.010309278350515464 0.010309278350515464 0.010309278350515464 0.010309278350515464 0.010309278350515464 
0.034482758620689655 0.034482758620689655 0.05172413793103448 0.05172413793103448 0.034482758620689655 0.06896551724137931 0.06896551724137931 0.05172413793103448 0.05172413793103448 0.10344827586206896 0.05172413793103448 0.034482758620689655 0.034482758620689655 0.08620689655172414 0.15517241379310345 0.034482758620689655 0.05172413793103448 
0.029411764705882353 0.0196078431372549 0.049019607843137254 0.0196078431372549 0.28431372549019607 0.10784313725490197 0.0196078431372549 0.0392156862745098 0.0392156862745098 0.06862745098039216 0.058823529411764705 0.049019607843137254 0.0196078431372549 0.10784313725490197 0.0196078431372549 0.0196078431372549 0.049019607843137254 
0.07058823529411765 0.08235294117647059 0.047058823529411764 0.07058823529411765 0.023529411764705882 0.07058823529411765 0.03529411764705882 0.023529411764705882 0.03529411764705882 0.03529411764705882 0.058823529411764705 0.09411764705882353 0.047058823529411764 0.03529411764705882 0.03529411764705882 0.047058823529411764 0.18823529411764706 
0.04 0.04 0.05333333333333334 0.06666666666666667 0.06666666666666667 0.09333333333333334 0.04 0.04 0.05333333333333334 0.02666666666666667 0.04 0.05333333333333334 0.02666666666666667 0.21333333333333335 0.02666666666666667 0.05333333333333334 0.06666666666666667 
0.0125 0.775 0.025 0.0125 0.0125 0.0125 0.0125 0.0125 0.0125 0.0125 0.0125 0.0125 0.025 0.0125 0.0125 0.0125 0.0125 
