0.00847457627118644 0.025423728813559324 0.01694915254237288 0.046610169491525424 0.012711864406779662 0.029661016949152543 0.03389830508474576 0.1483050847457627 0.012711864406779662 0.012711864406779662 0.01694915254237288 0.012711864406779662 0.012711864406779662 0.038135593220338986 0.029661016949152543 0.09745762711864407 0.01694915254237288 0.09745762711864407 0.029661016949152543 0.012711864406779662 0.07627118644067797 0.0635593220338983 0.012711864406779662 0.11864406779661017 0.01694915254237288 
0.06315789473684211 0.10526315789473684 0.021052631578947368 0.042105263157894736 0.06315789473684211 0.05263157894736842 0.08421052631578947 0.05263157894736842 0.042105263157894736 0.05263157894736842 0.021052631578947368 0.021052631578947368 0.021052631578947368 0.031578947368421054 0.031578947368421054 0.021052631578947368 0.031578947368421054 0.021052631578947368 0.031578947368421054 0.021052631578947368 0.031578947368421054 0.021052631578947368 0.021052631578947368 0.07368421052631578 0.021052631578947368 
0.02127659574468085 0.05319148936170213 0.02127659574468085 0.02127659574468085 0.1702127659574468 0.09574468085106383 0.031914893617021274 0.031914893617021274 0.031914893617021274 0.02127659574468085 0.02127659574468085 0.02127659574468085 0.02127659574468085 0.02127659574468085 0.05319148936170213 0.02127659574468085 0.02127659574468085 0.02127659574468085 0.11702127659574468 0.031914893617021274 0.031914893617021274 0.02127659574468085 0.031914893617021274 0.02127659574468085 0.0425531914893617 
0.024390243902439025 0.04878048780487805 0.024390243902439025 0.024390243902439025 0.036585365853658534 0.10975609756097561 0.07317073170731707 0.036585365853658534 0.036585365853658534 0.024390243902439025 0.06097560975609756 0.036585365853658534 0.036585365853658534 0.024390243902439025 0.024390243902439025 0.024390243902439025 0.024390243902439025 0.024390243902439025 0.06097560975609756 0.036585365853658534 0.036585365853658534 0.036585365853658534 0.07317073170731707 0.024390243902439025 0.036585365853658534 
0.022988505747126436 0.011494252873563218 0.011494252873563218 0.017241379310344827 0.011494252873563218 0.017241379310344827 0.05747126436781609 0.022988505747126436 0.011494252873563218 0.011494252873563218 0.41954022988505746 0.034482758620689655 0.011494252873563218 0.011494252873563218 0.011494252873563218 0.017241379310344827 0.022988505747126436 0.011494252873563218 0.1206896551724138 0.05747126436781609 0.022988505747126436 0.017241379310344827 0.017241379310344827 0.017241379310344827 0.011494252873563218 
0.050505050505050504 0.04040404040404041 0.030303030303030304 0.020202020202020204 0.020202020202020204 0.06060606060606061 0.030303030303030304 0.020202020202020204 0.020202020202020204 0.06060606060606061 0.050505050505050504 0.020202020202020204 0.030303030303030304 0.030303030303030304 0.020202020202020204 0.020202020202020204 0.04040404040404041 0.0707070707070707 0.09090909090909091 0.06060606060606061 0.030303030303030304 0.08080808080808081 0.030303030303030304 0.050505050505050504 0.020202020202020204 
0.02564102564102564 0.038461538461538464 0.1282051282051282 0.02564102564102564 0.02564102564102564 0.02564102564102564 0.05128205128205128 0.02564102564102564 0.02564102564102564 0.02564102564102564 0.02564102564102564 0.05128205128205128 0.02564102564102564 0.07692307692307693 0.038461538461538464 0.02564102564102564 0.02564102564102564 0.02564102564102564 0.038461538461538464 0.038461538461538464 0.02564102564102564 0.0641025641025641 0.0641025641025641 0.038461538461538464 0.038461538461538464 
0.032520325203252036 0.032520325203252036 0.016260162601626018 0.032520325203252036 0.016260162601626018 0.06504065040650407 0.13821138211382114 0.07317073170731707 0.016260162601626018 0.016260162601626018 0.032520325203252036 0.024390243902439025 0.032520325203252036 0.032520325203252036 0.04878048780487805 0.016260162601626018 0.04065040650406504 0.024390243902439025 0.024390243902439025 0.024390243902439025 0.032520325203252036 0.024390243902439025 0.016260162601626018 0.11382113821138211 0.07317073170731707 
0.005934718100890208 0.008902077151335312 0.008902077151335312 0.8130563798219584 0.008902077151335312 0.008902077151335312 0.017804154302670624 0.008902077151335312 0.017804154302670624 0.005934718100890208 0.008902077151335312 0.005934718100890208 0.005934718100890208 0.005934718100890208 0.005934718100890208 0.005934718100890208 0.005934718100890208 0.005934718100890208 0.005934718100890208 0.005934718100890208 0.005934718100890208 0.008902077151335312 0.005934718100890208 0.005934718100890208 0.005934718100890208 
0.05357142857142857 0.03571428571428571 0.03571428571428571 0.03571428571428571 0.03571428571428571 0.03571428571428571 0.03571428571428571 0.03571428571428571 0.03571428571428571 0.03571428571428571 0.03571428571428571 0.03571428571428571 0.05357142857142857 0.05357142857142857 0.03571428571428571 0.03571428571428571 0.03571428571428571 0.03571428571428571 0.03571428571428571 0.05357142857142857 0.03571428571428571 0.05357142857142857 0.03571428571428571 0.03571428571428571 0.05357142857142857 
0.11666666666666667 0.075 0.016666666666666666 0.025 0.016666666666666666 0.09166666666666666 0.025 0.025 0.016666666666666666 0.03333333333333333 0.016666666666666666 0.05 0.016666666666666666 0.025 0.041666666666666664 0.016666666666666666 0.11666666666666667 0.041666666666666664 0.016666666666666666 0.03333333333333333 0.05 0.025 0.025 0.03333333333333333 0.05 
0.0091324200913242 0.0136986301369863 0.0091324200913242 0.7214611872146118 0.0091324200913242 0.0091324200913242 0.0091324200913242 0.0136986301369863 0.0091324200913242 0.0091324200913242 0.0091324200913242 0.0091324200913242 0.0091324200913242 0.0091324200913242 0.0091324200913242 0.045662100456621 0.0136986301369863 0.0091324200913242 0.0136986301369863 0.0091324200913242 0.0091324200913242 0.0136986301369863 0.0091324200913242 0.0091324200913242 0.0091324200913242 
0.05405405405405406 0.02702702702702703 0.02702702702702703 0.02702702702702703 0.04054054054054054 0.08108108108108109 0.02702702702702703 0.04054054054054054 0.04054054054054054 0.02702702702702703 0.02702702702702703 0.05405405405405406 0.04054054054054054 0.02702702702702703 0.02702702702702703 0.02702702702702703 0.02702702702702703 0.06756756756756757 0.02702702702702703 0.05405405405405406 0.02702702702702703 0.05405405405405406 0.06756756756756757 0.04054054054054054 0.04054054054054054 
0.0425531914893617 0.031914893617021274 0.0425531914893617 0.031914893617021274 0.02127659574468085 0.14893617021276595 0.02127659574468085 0.02127659574468085 0.02127659574468085 0.05319148936170213 0.02127659574468085 0.02127659574468085 0.0425531914893617 0.02127659574468085 0.031914893617021274 0.02127659574468085 0.031914893617021274 0.031914893617021274 0.19148936170212766 0.031914893617021274 0.02127659574468085 0.02127659574468085 0.02127659574468085 0.031914893617021274 0.02127659574468085 
0.03636363636363636 0.01818181818181818 0.03636363636363636 0.01818181818181818 0.01818181818181818 0.03636363636363636 0.01818181818181818 0.01818181818181818 0.01818181818181818 0.03636363636363636 0.06363636363636363 0.02727272727272727 0.07272727272727272 0.02727272727272727 0.01818181818181818 0.02727272727272727 0.01818181818181818 0.01818181818181818 0.3090909090909091 0.01818181818181818 0.01818181818181818 0.045454545454545456 0.01818181818181818 0.045454545454545456 0.01818181818181818 
0.033707865168539325 0.02247191011235955 0.02247191011235955 0.033707865168539325 0.02247191011235955 0.3146067415730337 0.033707865168539325 0.0449438202247191 0.033707865168539325 0.02247191011235955 0.033707865168539325 0.02247191011235955 0.033707865168539325 0.033707865168539325 0.02247191011235955 0.02247191011235955 0.02247191011235955 0.02247191011235955 0.056179775280898875 0.033707865168539325 0.02247191011235955 0.02247191011235955 0.02247191011235955 0.02247191011235955 0.02247191011235955 
0.02631578947368421 0.02631578947368421 0.039473684210526314 0.02631578947368421 0.02631578947368421 0.05263157894736842 0.039473684210526314 0.02631578947368421 0.06578947368421052 0.039473684210526314 0.05263157894736842 0.039473684210526314 0.05263157894736842 0.02631578947368421 0.05263157894736842 0.02631578947368421 0.05263157894736842 0.05263157894736842 0.02631578947368421 0.05263157894736842 0.05263157894736842 0.05263157894736842 0.039473684210526314 0.02631578947368421 0.02631578947368421 
0.04504504504504504 0.03153153153153153 0.009009009009009009 0.009009009009009009 0.009009009009009009 0.013513513513513514 0.009009009009009009 0.38288288288288286 0.04054054054054054 0.02252252252252252 0.013513513513513514 0.04954954954954955 0.02252252252252252 0.013513513513513514 0.009009009009009009 0.009009009009009009 0.009009009009009009 0.013513513513513514 0.1036036036036036 0.03153153153153153 0.018018018018018018 0.02702702702702703 0.018018018018018018 0.06306306306306306 0.02702702702702703 
0.031746031746031744 0.031746031746031744 0.031746031746031744 0.047619047619047616 0.031746031746031744 0.07936507936507936 0.06349206349206349 0.031746031746031744 0.031746031746031744 0.047619047619047616 0.031746031746031744 0.06349206349206349 0.031746031746031744 0.031746031746031744 0.06349206349206349 0.031746031746031744 0.031746031746031744 0.031746031746031744 0.047619047619047616 0.031746031746031744 0.031746031746031744 0.031746031746031744 0.031746031746031744 0.047619047619047616 0.031746031746031744 
0.038834951456310676 0.08737864077669903 0.019417475728155338 0.019417475728155338 0.05825242718446602 0.06796116504854369 0.04854368932038835 0.038834951456310676 0.02912621359223301 0.02912621359223301 0.038834951456310676 0.019417475728155338 0.019417475728155338 0.038834951456310676 0.04854368932038835 0.02912621359223301 0.038834951456310676 0.019417475728155338 0.14563106796116504 0.019417475728155338 0.038834951456310676 0.038834951456310676 0.019417475728155338 0.02912621359223301 0.019417475728155338 
0.009009009009009009 0.015015015015015015 0.006006006006006006 0.006006006006006006 0.006006006006006006 0.006006006006006006 0.009009009009009009 0.009009009009009009 0.006006006006006006 0.006006006006006006 0.006006006006006006 0.006006006006006006 0.006006006006006006 0.006006006006006006 0.006006006006006006 0.006006006006006006 0.006006006006006006 0.006006006006006006 0.009009009009009009 0.8138138138138138 0.006006006006006006 0.006006006006006006 0.009009009009009009 0.009009009009009009 0.021021021021021023 
0.02155887230514096 0.013266998341625208 0.006633499170812604 0.011608623548922056 0.12271973466003316 0.003316749585406302 0.006633499170812604 0.582089552238806 0.003316749585406302 0.013266998341625208 0.004975124378109453 0.02155887230514096 0.009950248756218905 0.004975124378109453 0.008291873963515755 0.06467661691542288 0.003316749585406302 0.011608623548922056 0.003316749585406302 0.009950248756218905 0.009950248756218905 0.011608623548922056 0.013266998341625208 0.02321724709784411 0.014925373134328358 
0.01935483870967742 0.025806451612903226 0.012903225806451613 0.01935483870967742 0.07096774193548387 0.025806451612903226 0.10967741935483871 0.38064516129032255 0.01935483870967742 0.01935483870967742 0.012903225806451613 0.01935483870967742 0.012903225806451613 0.025806451612903226 0.03225806451612903 0.01935483870967742 0.03870967741935484 0.012903225806451613 0.012903225806451613 0.012903225806451613 0.01935483870967742 0.03225806451612903 0.012903225806451613 0.012903225806451613 0.01935483870967742 
0.042105263157894736 0.021052631578947368 0.021052631578947368 0.05263157894736842 0.021052631578947368 0.08421052631578947 0.031578947368421054 0.021052631578947368 0.021052631578947368 0.031578947368421054 0.021052631578947368 0.042105263157894736 0.05263157894736842 0.021052631578947368 0.05263157894736842 0.021052631578947368 0.14736842105263157 0.021052631578947368 0.042105263157894736 0.06315789473684211 0.042105263157894736 0.031578947368421054 0.021052631578947368 0.042105263157894736 0.031578947368421054 
0.03278688524590164 0.03278688524590164 0.01639344262295082 0.01639344262295082 0.01639344262295082 0.01639344262295082 0.02459016393442623 0.3114754098360656 0.01639344262295082 0.040983606557377046 0.01639344262295082 0.01639344262295082 0.02459016393442623 0.01639344262295082 0.03278688524590164 0.01639344262295082 0.01639344262295082 0.01639344262295082 0.09836065573770492 0.02459016393442623 0.02459016393442623 0.01639344262295082 0.03278688524590164 0.06557377049180328 0.05737704918032787 
0.03125 0.041666666666666664 0.010416666666666666 0.010416666666666666 0.010416666666666666 0.041666666666666664 0.026041666666666668 0.010416666666666666 0.010416666666666666 0.010416666666666666 0.010416666666666666 0.020833333333333332 0.010416666666666666 0.015625 0.010416666666666666 0.010416666666666666 0.010416666666666666 0.010416666666666666 0.041666666666666664 0.010416666666666666 0.010416666666666666 0.010416666666666666 0.020833333333333332 0.026041666666666668 0.578125 
0.015625 0.015625 0.015625 0.015625 0.015625 0.046875 0.015625 0.0234375 0.015625 0.0234375 0.0234375 0.015625 0.015625 0.0234375 0.3828125 0.015625 0.015625 0.015625 0.03125 0.046875 0.015625 0.0234375 0.0390625 0.0390625 0.09375 
0.03508771929824561 0.05263157894736842 0.05263157894736842 0.03508771929824561 0.03508771929824561 0.03508771929824561 0.03508771929824561 0.03508771929824561 0.03508771929824561 0.03508771929824561 0.07017543859649122 0.03508771929824561 0.03508771929824561 0.03508771929824561 0.05263157894736842 0.03508771929824561 0.03508771929824561 0.03508771929824561 0.03508771929824561 0.03508771929824561 0.03508771929824561 0.03508771929824561 0.05263157894736842 0.05263157894736842 0.03508771929824561 
0.03614457831325301 0.03614457831325301 0.03614457831325301 0.024096385542168676 0.03614457831325301 0.03614457831325301 0.024096385542168676 0.03614457831325301 0.024096385542168676 0.03614457831325301 0.07228915662650602 0.060240963855421686 0.03614457831325301 0.024096385542168676 0.04819277108433735 0.024096385542168676 0.03614457831325301 0.024096385542168676 0.024096385542168676 0.060240963855421686 0.04819277108433735 0.024096385542168676 0.07228915662650602 0.060240963855421686 0.060240963855421686 
0.022222222222222223 0.18518518518518517 0.014814814814814815 0.014814814814814815 0.044444444444444446 0.044444444444444446 0.022222222222222223 0.05185185185185185 0.05185185185185185 0.0962962962962963 0.02962962962962963 0.022222222222222223 0.02962962962962963 0.037037037037037035 0.02962962962962963 0.014814814814814815 0.014814814814814815 0.014814814814814815 0.044444444444444446 0.037037037037037035 0.014814814814814815 0.014814814814814815 0.022222222222222223 0.0962962962962963 0.02962962962962963 
0.021505376344086023 0.021505376344086023 0.021505376344086023 0.021505376344086023 0.03225806451612903 0.06451612903225806 0.043010752688172046 0.021505376344086023 0.053763440860215055 0.06451612903225806 0.021505376344086023 0.03225806451612903 0.03225806451612903 0.021505376344086023 0.043010752688172046 0.021505376344086023 0.1935483870967742 0.03225806451612903 0.053763440860215055 0.021505376344086023 0.021505376344086023 0.021505376344086023 0.021505376344086023 0.07526881720430108 0.021505376344086023 
0.0449438202247191 0.02247191011235955 0.028089887640449437 0.011235955056179775 0.10112359550561797 0.1404494382022472 0.033707865168539325 0.03932584269662921 0.016853932584269662 0.028089887640449437 0.03932584269662921 0.0449438202247191 0.011235955056179775 0.07865168539325842 0.016853932584269662 0.016853932584269662 0.016853932584269662 0.016853932584269662 0.06179775280898876 0.028089887640449437 0.06741573033707865 0.016853932584269662 0.02247191011235955 0.07865168539325842 0.016853932584269662 
0.041176470588235294 0.05588235294117647 0.03823529411764706 0.011764705882352941 0.023529411764705882 0.03529411764705882 0.020588235294117647 0.029411764705882353 0.020588235294117647 0.07647058823529412 0.03529411764705882 0.041176470588235294 0.023529411764705882 0.023529411764705882 0.03529411764705882 0.008823529411764706 0.023529411764705882 0.13529411764705881 0.07647058823529412 0.052941176470588235 0.023529411764705882 0.020588235294117647 0.01764705882352941 0.09411764705882353 0.03529411764705882 
0.02158273381294964 0.10071942446043165 0.02158273381294964 0.04316546762589928 0.08633093525179857 0.02158273381294964 0.014388489208633094 0.02158273381294964 0.014388489208633094 0.02877697841726619 0.02877697841726619 0.02158273381294964 0.11510791366906475 0.02158273381294964 0.02158273381294964 0.02158273381294964 0.014388489208633094 0.02158273381294964 0.2158273381294964 0.04316546762589928 0.02158273381294964 0.02158273381294964 0.014388489208633094 0.02877697841726619 0.014388489208633094 
0.013986013986013986 0.013986013986013986 0.013986013986013986 0.013986013986013986 0.013986013986013986 0.04195804195804196 0.6083916083916084 0.013986013986013986 0.013986013986013986 0.013986013986013986 0.013986013986013986 0.013986013986013986 0.02097902097902098 0.013986013986013986 0.013986013986013986 0.013986013986013986 0.013986013986013986 0.02097902097902098 0.013986013986013986 0.02097902097902098 0.02097902097902098 0.013986013986013986 0.013986013986013986 0.013986013986013986 0.013986013986013986 
0.02857142857142857 0.02857142857142857 0.01904761904761905 0.02857142857142857 0.0380952380952381 0.06666666666666667 0.047619047619047616 0.01904761904761905 0.02857142857142857 0.02857142857142857 0.18095238095238095 0.01904761904761905 0.047619047619047616 0.0380952380952381 0.0380952380952381 0.01904761904761905 0.047619047619047616 0.0380952380952381 0.0380952380952381 0.02857142857142857 0.02857142857142857 0.0380952380952381 0.01904761904761905 0.01904761904761905 0.06666666666666667 
0.007547169811320755 0.007547169811320755 0.007547169811320755 0.007547169811320755 0.018867924528301886 0.018867924528301886 0.022641509433962263 0.011320754716981131 0.045283018867924525 0.01509433962264151 0.01509433962264151 0.018867924528301886 0.007547169811320755 0.01509433962264151 0.022641509433962263 0.4641509433962264 0.13962264150943396 0.01509433962264151 0.03773584905660377 0.03018867924528302 0.011320754716981131 0.018867924528301886 0.01509433962264151 0.018867924528301886 0.007547169811320755 
0.33112582781456956 0.033112582781456956 0.026490066225165563 0.019867549668874173 0.013245033112582781 0.09271523178807947 0.013245033112582781 0.013245033112582781 0.046357615894039736 0.019867549668874173 0.019867549668874173 0.019867549668874173 0.026490066225165563 0.013245033112582781 0.019867549668874173 0.013245033112582781 0.013245033112582781 0.013245033112582781 0.09933774834437085 0.026490066225165563 0.013245033112582781 0.013245033112582781 0.019867549668874173 0.033112582781456956 0.046357615894039736 
0.00603448275862069 0.005172413793103448 0.0017241379310344827 0.0017241379310344827 0.002586206896551724 0.008620689655172414 0.007758620689655172 0.002586206896551724 0.0017241379310344827 0.0034482758620689655 0.002586206896551724 0.8896551724137931 0.002586206896551724 0.0017241379310344827 0.002586206896551724 0.0017241379310344827 0.0034482758620689655 0.002586206896551724 0.03362068965517241 0.0034482758620689655 0.0017241379310344827 0.00603448275862069 0.002586206896551724 0.002586206896551724 0.0017241379310344827 
0.018518518518518517 0.06481481481481481 0.027777777777777776 0.05555555555555555 0.05555555555555555 0.018518518518518517 0.09259259259259259 0.037037037037037035 0.018518518518518517 0.07407407407407407 0.027777777777777776 0.018518518518518517 0.06481481481481481 0.018518518518518517 0.037037037037037035 0.037037037037037035 0.018518518518518517 0.027777777777777776 0.037037037037037035 0.018518518518518517 0.12962962962962962 0.027777777777777776 0.018518518518518517 0.027777777777777776 0.027777777777777776 
0.27722772277227725 0.039603960396039604 0.019801980198019802 0.019801980198019802 0.019801980198019802 0.019801980198019802 0.0297029702970297 0.019801980198019802 0.04950495049504951 0.019801980198019802 0.019801980198019802 0.0297029702970297 0.039603960396039604 0.019801980198019802 0.039603960396039604 0.019801980198019802 0.019801980198019802 0.019801980198019802 0.09900990099009901 0.06930693069306931 0.0297029702970297 0.019801980198019802 0.019801980198019802 0.019801980198019802 0.019801980198019802 
0.0091324200913242 0.0136986301369863 0.0091324200913242 0.7123287671232876 0.0091324200913242 0.0091324200913242 0.0091324200913242 0.0091324200913242 0.0091324200913242 0.0091324200913242 0.0091324200913242 0.0091324200913242 0.0091324200913242 0.0091324200913242 0.0091324200913242 0.0410958904109589 0.0091324200913242 0.0091324200913242 0.0365296803652968 0.0136986301369863 0.0091324200913242 0.0091324200913242 0.0091324200913242 0.0091324200913242 0.0091324200913242 
0.03773584905660377 0.05660377358490566 0.04716981132075472 0.018867924528301886 0.02830188679245283 0.05660377358490566 0.02830188679245283 0.018867924528301886 0.02830188679245283 0.03773584905660377 0.018867924528301886 0.03773584905660377 0.03773584905660377 0.02830188679245283 0.03773584905660377 0.03773584905660377 0.20754716981132076 0.02830188679245283 0.03773584905660377 0.018867924528301886 0.018867924528301886 0.02830188679245283 0.02830188679245283 0.04716981132075472 0.02830188679245283 
0.02702702702702703 0.04054054054054054 0.02702702702702703 0.02702702702702703 0.04054054054054054 0.12162162162162163 0.02702702702702703 0.02702702702702703 0.02702702702702703 0.04054054054054054 0.02702702702702703 0.04054054054054054 0.02702702702702703 0.02702702702702703 0.05405405405405406 0.02702702702702703 0.06756756756756757 0.02702702702702703 0.06756756756756757 0.04054054054054054 0.04054054054054054 0.02702702702702703 0.02702702702702703 0.05405405405405406 0.04054054054054054 
0.012178619756427604 0.009472259810554804 0.0027063599458728013 0.0027063599458728013 0.0040595399188092015 0.006765899864682003 0.005412719891745603 0.006765899864682003 0.005412719891745603 0.0027063599458728013 0.0040595399188092015 0.0027063599458728013 0.0027063599458728013 0.7686062246278755 0.006765899864682003 0.08389715832205684 0.0027063599458728013 0.0040595399188092015 0.03112313937753721 0.008119079837618403 0.005412719891745603 0.006765899864682003 0.0027063599458728013 0.006765899864682003 0.005412719891745603 
0.043478260869565216 0.043478260869565216 0.008695652173913044 0.008695652173913044 0.008695652173913044 0.05652173913043478 0.008695652173913044 0.013043478260869565 0.034782608695652174 0.06521739130434782 0.013043478260869565 0.017391304347826087 0.0391304347826087 0.021739130434782608 0.29130434782608694 0.013043478260869565 0.021739130434782608 0.034782608695652174 0.1391304347826087 0.030434782608695653 0.008695652173913044 0.008695652173913044 0.030434782608695653 0.008695652173913044 0.030434782608695653 
0.16853932584269662 0.0449438202247191 0.033707865168539325 0.02247191011235955 0.07865168539325842 0.033707865168539325 0.06741573033707865 0.033707865168539325 0.02247191011235955 0.033707865168539325 0.0449438202247191 0.056179775280898875 0.02247191011235955 0.033707865168539325 0.02247191011235955 0.033707865168539325 0.02247191011235955 0.02247191011235955 0.0449438202247191 0.033707865168539325 0.02247191011235955 0.033707865168539325 0.02247191011235955 0.02247191011235955 0.02247191011235955 
0.0110803324099723 0.0221606648199446 0.008310249307479225 0.013850415512465374 0.0110803324099723 0.0110803324099723 0.013850415512465374 0.00554016620498615 0.00554016620498615 0.00554016620498615 0.0110803324099723 0.013850415512465374 0.00554016620498615 0.008310249307479225 0.00554016620498615 0.008310249307479225 0.019390581717451522 0.013850415512465374 0.024930747922437674 0.01662049861495845 0.0110803324099723 0.7091412742382271 0.008310249307479225 0.01662049861495845 0.019390581717451522 
0.011363636363636364 0.011363636363636364 0.011363636363636364 0.011363636363636364 0.011363636363636364 0.017045454545454544 0.011363636363636364 0.011363636363636364 0.011363636363636364 0.011363636363636364 0.017045454545454544 0.017045454545454544 0.011363636363636364 0.011363636363636364 0.011363636363636364 0.011363636363636364 0.017045454545454544 0.011363636363636364 0.017045454545454544 0.011363636363636364 0.011363636363636364 0.011363636363636364 0.011363636363636364 0.011363636363636364 0.6988636363636364 
0.04081632653061224 0.030612244897959183 0.02040816326530612 0.04081632653061224 0.02040816326530612 0.10204081632653061 0.030612244897959183 0.030612244897959183 0.04081632653061224 0.030612244897959183 0.030612244897959183 0.08163265306122448 0.02040816326530612 0.02040816326530612 0.02040816326530612 0.02040816326530612 0.07142857142857142 0.04081632653061224 0.15306122448979592 0.04081632653061224 0.02040816326530612 0.030612244897959183 0.02040816326530612 0.02040816326530612 0.02040816326530612 
0.022222222222222223 0.1037037037037037 0.022222222222222223 0.014814814814814815 0.022222222222222223 0.037037037037037035 0.037037037037037035 0.022222222222222223 0.02962962962962963 0.022222222222222223 0.037037037037037035 0.014814814814814815 0.022222222222222223 0.05925925925925926 0.0962962962962963 0.014814814814814815 0.08888888888888889 0.022222222222222223 0.13333333333333333 0.044444444444444446 0.022222222222222223 0.022222222222222223 0.014814814814814815 0.05185185185185185 0.022222222222222223 
0.36538461538461536 0.02564102564102564 0.019230769230769232 0.01282051282051282 0.01282051282051282 0.04487179487179487 0.019230769230769232 0.019230769230769232 0.03205128205128205 0.038461538461538464 0.01282051282051282 0.019230769230769232 0.01282051282051282 0.019230769230769232 0.038461538461538464 0.01282051282051282 0.01282051282051282 0.02564102564102564 0.05128205128205128 0.057692307692307696 0.03205128205128205 0.01282051282051282 0.019230769230769232 0.03205128205128205 0.05128205128205128 
0.04780876494023904 0.01195219123505976 0.01195219123505976 0.01593625498007968 0.01593625498007968 0.0398406374501992 0.05179282868525897 0.00796812749003984 0.03187250996015936 0.01593625498007968 0.03187250996015936 0.00796812749003984 0.01195219123505976 0.01195219123505976 0.06772908366533864 0.27091633466135456 0.01195219123505976 0.11155378486055777 0.05976095617529881 0.01195219123505976 0.01593625498007968 0.03187250996015936 0.01593625498007968 0.035856573705179286 0.05179282868525897 
0.03409090909090909 0.056818181818181816 0.022727272727272728 0.022727272727272728 0.022727272727272728 0.03409090909090909 0.045454545454545456 0.03409090909090909 0.03409090909090909 0.03409090909090909 0.022727272727272728 0.03409090909090909 0.022727272727272728 0.045454545454545456 0.022727272727272728 0.022727272727272728 0.045454545454545456 0.10227272727272728 0.06818181818181818 0.022727272727272728 0.022727272727272728 0.022727272727272728 0.022727272727272728 0.14772727272727273 0.03409090909090909 
0.05172413793103448 0.02586206896551724 0.034482758620689655 0.04310344827586207 0.02586206896551724 0.0603448275862069 0.034482758620689655 0.017241379310344827 0.05172413793103448 0.05172413793103448 0.05172413793103448 0.034482758620689655 0.017241379310344827 0.017241379310344827 0.02586206896551724 0.017241379310344827 0.04310344827586207 0.02586206896551724 0.15517241379310345 0.02586206896551724 0.017241379310344827 0.017241379310344827 0.04310344827586207 0.04310344827586207 0.06896551724137931 
0.013986013986013986 0.013986013986013986 0.013986013986013986 0.013986013986013986 0.013986013986013986 0.013986013986013986 0.6083916083916084 0.013986013986013986 0.013986013986013986 0.013986013986013986 0.04195804195804196 0.013986013986013986 0.013986013986013986 0.013986013986013986 0.013986013986013986 0.02097902097902098 0.027972027972027972 0.013986013986013986 0.013986013986013986 0.013986013986013986 0.013986013986013986 0.013986013986013986 0.013986013986013986 0.02097902097902098 0.013986013986013986 
0.039473684210526314 0.07894736842105263 0.02631578947368421 0.046052631578947366 0.019736842105263157 0.02631578947368421 0.06578947368421052 0.03289473684210526 0.02631578947368421 0.013157894736842105 0.02631578947368421 0.013157894736842105 0.019736842105263157 0.09210526315789473 0.019736842105263157 0.013157894736842105 0.05263157894736842 0.013157894736842105 0.046052631578947366 0.1118421052631579 0.019736842105263157 0.02631578947368421 0.039473684210526314 0.10526315789473684 0.02631578947368421 
0.019417475728155338 0.06796116504854369 0.019417475728155338 0.038834951456310676 0.019417475728155338 0.10679611650485436 0.02912621359223301 0.038834951456310676 0.02912621359223301 0.06796116504854369 0.038834951456310676 0.04854368932038835 0.038834951456310676 0.02912621359223301 0.019417475728155338 0.019417475728155338 0.038834951456310676 0.04854368932038835 0.038834951456310676 0.04854368932038835 0.038834951456310676 0.019417475728155338 0.02912621359223301 0.07766990291262135 0.02912621359223301 
0.03669724770642202 0.027522935779816515 0.01834862385321101 0.01834862385321101 0.01834862385321101 0.027522935779816515 0.027522935779816515 0.01834862385321101 0.03669724770642202 0.045871559633027525 0.03669724770642202 0.01834862385321101 0.01834862385321101 0.027522935779816515 0.01834862385321101 0.01834862385321101 0.01834862385321101 0.01834862385321101 0.03669724770642202 0.01834862385321101 0.01834862385321101 0.027522935779816515 0.3944954128440367 0.03669724770642202 0.01834862385321101 
0.07526881720430108 0.03225806451612903 0.021505376344086023 0.03225806451612903 0.021505376344086023 0.07526881720430108 0.021505376344086023 0.043010752688172046 0.053763440860215055 0.053763440860215055 0.021505376344086023 0.021505376344086023 0.03225806451612903 0.053763440860215055 0.043010752688172046 0.021505376344086023 0.03225806451612903 0.03225806451612903 0.16129032258064516 0.021505376344086023 0.021505376344086023 0.021505376344086023 0.021505376344086023 0.03225806451612903 0.03225806451612903 
0.01904761904761905 0.0761904761904762 0.0380952380952381 0.06666666666666667 0.02857142857142857 0.05714285714285714 0.09523809523809523 0.05714285714285714 0.01904761904761905 0.01904761904761905 0.02857142857142857 0.05714285714285714 0.01904761904761905 0.02857142857142857 0.06666666666666667 0.02857142857142857 0.0380952380952381 0.02857142857142857 0.047619047619047616 0.02857142857142857 0.02857142857142857 0.0380952380952381 0.02857142857142857 0.02857142857142857 0.02857142857142857 
0.0125 0.08125 0.03125 0.01875 0.01875 0.075 0.05625 0.01875 0.0375 0.05 0.01875 0.0125 0.0375 0.0125 0.0375 0.01875 0.0125 0.08125 0.06875 0.05625 0.0125 0.025 0.0375 0.0875 0.08125 
0.06358381502890173 0.10982658959537572 0.017341040462427744 0.017341040462427744 0.028901734104046242 0.028901734104046242 0.04046242774566474 0.017341040462427744 0.011560693641618497 0.03468208092485549 0.03468208092485549 0.017341040462427744 0.023121387283236993 0.057803468208092484 0.10982658959537572 0.011560693641618497 0.05202312138728324 0.057803468208092484 0.03468208092485549 0.028901734104046242 0.03468208092485549 0.04046242774566474 0.017341040462427744 0.04046242774566474 0.06936416184971098 
0.043478260869565216 0.043478260869565216 0.021739130434782608 0.021739130434782608 0.03260869565217391 0.08695652173913043 0.03260869565217391 0.021739130434782608 0.021739130434782608 0.05434782608695652 0.021739130434782608 0.021739130434782608 0.021739130434782608 0.021739130434782608 0.05434782608695652 0.021739130434782608 0.08695652173913043 0.021739130434782608 0.15217391304347827 0.03260869565217391 0.021739130434782608 0.021739130434782608 0.021739130434782608 0.021739130434782608 0.07608695652173914 
0.0273224043715847 0.08743169398907104 0.01092896174863388 0.01092896174863388 0.02185792349726776 0.060109289617486336 0.01092896174863388 0.03278688524590164 0.01639344262295082 0.04371584699453552 0.07650273224043716 0.02185792349726776 0.0273224043715847 0.01639344262295082 0.02185792349726776 0.01092896174863388 0.07650273224043716 0.01639344262295082 0.06557377049180328 0.07650273224043716 0.04918032786885246 0.060109289617486336 0.04918032786885246 0.08743169398907104 0.02185792349726776 
0.07563025210084033 0.03361344537815126 0.01680672268907563 0.025210084033613446 0.058823529411764705 0.04201680672268908 0.025210084033613446 0.01680672268907563 0.04201680672268908 0.025210084033613446 0.025210084033613446 0.04201680672268908 0.04201680672268908 0.04201680672268908 0.03361344537815126 0.01680672268907563 0.025210084033613446 0.01680672268907563 0.09243697478991597 0.10084033613445378 0.025210084033613446 0.03361344537815126 0.04201680672268908 0.05042016806722689 0.05042016806722689 
0.023809523809523808 0.023809523809523808 0.023809523809523808 0.023809523809523808 0.023809523809523808 0.39285714285714285 0.023809523809523808 0.023809523809523808 0.023809523809523808 0.023809523809523808 0.023809523809523808 0.03571428571428571 0.023809523809523808 0.03571428571428571 0.023809523809523808 0.03571428571428571 0.023809523809523808 0.023809523809523808 0.023809523809523808 0.023809523809523808 0.023809523809523808 0.023809523809523808 0.023809523809523808 0.023809523809523808 0.023809523809523808 
0.022222222222222223 0.022222222222222223 0.044444444444444446 0.044444444444444446 0.044444444444444446 0.022222222222222223 0.022222222222222223 0.05555555555555555 0.03333333333333333 0.044444444444444446 0.05555555555555555 0.022222222222222223 0.03333333333333333 0.022222222222222223 0.022222222222222223 0.022222222222222223 0.03333333333333333 0.044444444444444446 0.1 0.03333333333333333 0.03333333333333333 0.03333333333333333 0.08888888888888889 0.03333333333333333 0.06666666666666667 
0.04054054054054054 0.04054054054054054 0.02702702702702703 0.02702702702702703 0.04054054054054054 0.0945945945945946 0.02702702702702703 0.04054054054054054 0.02702702702702703 0.05405405405405406 0.02702702702702703 0.02702702702702703 0.04054054054054054 0.04054054054054054 0.05405405405405406 0.02702702702702703 0.02702702702702703 0.04054054054054054 0.05405405405405406 0.06756756756756757 0.05405405405405406 0.02702702702702703 0.02702702702702703 0.04054054054054054 0.02702702702702703 
0.04081632653061224 0.061224489795918366 0.04081632653061224 0.04081632653061224 0.04081632653061224 0.061224489795918366 0.02040816326530612 0.02040816326530612 0.030612244897959183 0.02040816326530612 0.030612244897959183 0.08163265306122448 0.02040816326530612 0.030612244897959183 0.04081632653061224 0.02040816326530612 0.04081632653061224 0.061224489795918366 0.02040816326530612 0.030612244897959183 0.02040816326530612 0.04081632653061224 0.05102040816326531 0.08163265306122448 0.05102040816326531 
0.023809523809523808 0.023809523809523808 0.023809523809523808 0.03571428571428571 0.03571428571428571 0.03571428571428571 0.03571428571428571 0.07142857142857142 0.023809523809523808 0.023809523809523808 0.047619047619047616 0.05952380952380952 0.023809523809523808 0.047619047619047616 0.03571428571428571 0.023809523809523808 0.03571428571428571 0.07142857142857142 0.03571428571428571 0.03571428571428571 0.023809523809523808 0.047619047619047616 0.047619047619047616 0.08333333333333333 0.047619047619047616 
0.01327433628318584 0.05752212389380531 0.01327433628318584 0.01327433628318584 0.008849557522123894 0.022123893805309734 0.01327433628318584 0.02654867256637168 0.022123893805309734 0.061946902654867256 0.022123893805309734 0.048672566371681415 0.43805309734513276 0.01327433628318584 0.01327433628318584 0.008849557522123894 0.01327433628318584 0.008849557522123894 0.02654867256637168 0.01327433628318584 0.01327433628318584 0.022123893805309734 0.02654867256637168 0.035398230088495575 0.04424778761061947 
0.04716981132075472 0.04716981132075472 0.018867924528301886 0.02830188679245283 0.03773584905660377 0.10377358490566038 0.07547169811320754 0.018867924528301886 0.018867924528301886 0.05660377358490566 0.05660377358490566 0.03773584905660377 0.05660377358490566 0.02830188679245283 0.04716981132075472 0.018867924528301886 0.018867924528301886 0.02830188679245283 0.0660377358490566 0.018867924528301886 0.018867924528301886 0.02830188679245283 0.03773584905660377 0.0660377358490566 0.018867924528301886 
0.011363636363636364 0.011363636363636364 0.011363636363636364 0.011363636363636364 0.011363636363636364 0.017045454545454544 0.028409090909090908 0.011363636363636364 0.011363636363636364 0.011363636363636364 0.011363636363636364 0.011363636363636364 0.011363636363636364 0.011363636363636364 0.011363636363636364 0.011363636363636364 0.011363636363636364 0.011363636363636364 0.011363636363636364 0.011363636363636364 0.011363636363636364 0.011363636363636364 0.011363636363636364 0.011363636363636364 0.7045454545454546 
0.06993006993006994 0.027972027972027972 0.02097902097902098 0.013986013986013986 0.03496503496503497 0.03496503496503497 0.03496503496503497 0.013986013986013986 0.02097902097902098 0.013986013986013986 0.04195804195804196 0.04195804195804196 0.04895104895104895 0.027972027972027972 0.027972027972027972 0.013986013986013986 0.013986013986013986 0.04895104895104895 0.013986013986013986 0.013986013986013986 0.03496503496503497 0.027972027972027972 0.32167832167832167 0.013986013986013986 0.02097902097902098 
0.029411764705882353 0.029411764705882353 0.029411764705882353 0.04411764705882353 0.029411764705882353 0.029411764705882353 0.029411764705882353 0.029411764705882353 0.04411764705882353 0.08823529411764706 0.029411764705882353 0.04411764705882353 0.04411764705882353 0.029411764705882353 0.029411764705882353 0.029411764705882353 0.029411764705882353 0.029411764705882353 0.08823529411764706 0.029411764705882353 0.04411764705882353 0.07352941176470588 0.029411764705882353 0.04411764705882353 0.04411764705882353 
0.09166666666666666 0.016666666666666666 0.025 0.03333333333333333 0.025 0.025 0.075 0.025 0.016666666666666666 0.041666666666666664 0.041666666666666664 0.025 0.025 0.041666666666666664 0.03333333333333333 0.03333333333333333 0.06666666666666667 0.06666666666666667 0.03333333333333333 0.03333333333333333 0.041666666666666664 0.03333333333333333 0.016666666666666666 0.09166666666666666 0.041666666666666664 
0.3902439024390244 0.024390243902439025 0.01951219512195122 0.024390243902439025 0.01951219512195122 0.01951219512195122 0.03414634146341464 0.00975609756097561 0.03414634146341464 0.014634146341463415 0.02926829268292683 0.014634146341463415 0.00975609756097561 0.00975609756097561 0.00975609756097561 0.00975609756097561 0.014634146341463415 0.00975609756097561 0.14634146341463414 0.03902439024390244 0.03414634146341464 0.00975609756097561 0.024390243902439025 0.024390243902439025 0.024390243902439025 
0.03333333333333333 0.07083333333333333 0.016666666666666666 0.025 0.008333333333333333 0.03333333333333333 0.008333333333333333 0.016666666666666666 0.029166666666666667 0.0375 0.025 0.11666666666666667 0.029166666666666667 0.016666666666666666 0.0125 0.020833333333333332 0.016666666666666666 0.04583333333333333 0.09166666666666666 0.05 0.06666666666666667 0.025 0.0125 0.15 0.041666666666666664 
0.05 0.0375 0.025 0.025 0.025 0.1 0.025 0.025 0.0375 0.05 0.0375 0.025 0.025 0.075 0.025 0.025 0.0625 0.05 0.0375 0.025 0.05 0.025 0.025 0.0625 0.05 
