0.022727272727272728 0.031818181818181815 0.07727272727272727 0.03636363636363636 0.01818181818181818 0.013636363636363636 0.013636363636363636 0.18181818181818182 0.07727272727272727 0.19545454545454546 0.07272727272727272 0.06363636363636363 0.022727272727272728 0.02727272727272727 0.022727272727272728 0.1 0.022727272727272728 
0.05063291139240506 0.05063291139240506 0.02531645569620253 0.06329113924050633 0.05063291139240506 0.02531645569620253 0.05063291139240506 0.02531645569620253 0.0379746835443038 0.05063291139240506 0.0759493670886076 0.08860759493670886 0.11392405063291139 0.06329113924050633 0.05063291139240506 0.06329113924050633 0.11392405063291139 
0.05128205128205128 0.0641025641025641 0.02564102564102564 0.05128205128205128 0.10256410256410256 0.038461538461538464 0.02564102564102564 0.02564102564102564 0.02564102564102564 0.05128205128205128 0.0641025641025641 0.02564102564102564 0.3076923076923077 0.038461538461538464 0.02564102564102564 0.02564102564102564 0.05128205128205128 
0.030303030303030304 0.10606060606060606 0.030303030303030304 0.06060606060606061 0.07575757575757576 0.045454545454545456 0.030303030303030304 0.030303030303030304 0.045454545454545456 0.030303030303030304 0.09090909090909091 0.030303030303030304 0.09090909090909091 0.07575757575757576 0.06060606060606061 0.030303030303030304 0.13636363636363635 
0.0189873417721519 0.012658227848101266 0.0189873417721519 0.6012658227848101 0.0379746835443038 0.03164556962025317 0.012658227848101266 0.012658227848101266 0.0189873417721519 0.0189873417721519 0.03164556962025317 0.03164556962025317 0.0189873417721519 0.0759493670886076 0.03164556962025317 0.012658227848101266 0.012658227848101266 
0.03614457831325301 0.024096385542168676 0.03614457831325301 0.060240963855421686 0.1566265060240964 0.03614457831325301 0.024096385542168676 0.03614457831325301 0.03614457831325301 0.08433734939759036 0.07228915662650602 0.07228915662650602 0.024096385542168676 0.08433734939759036 0.14457831325301204 0.024096385542168676 0.04819277108433735 
0.04838709677419355 0.04838709677419355 0.03225806451612903 0.04838709677419355 0.03225806451612903 0.0967741935483871 0.04838709677419355 0.03225806451612903 0.11290322580645161 0.11290322580645161 0.08064516129032258 0.03225806451612903 0.04838709677419355 0.03225806451612903 0.0967741935483871 0.03225806451612903 0.06451612903225806 
0.018691588785046728 0.11214953271028037 0.028037383177570093 0.06542056074766354 0.028037383177570093 0.028037383177570093 0.028037383177570093 0.018691588785046728 0.018691588785046728 0.06542056074766354 0.18691588785046728 0.14953271028037382 0.04672897196261682 0.037383177570093455 0.018691588785046728 0.04672897196261682 0.102803738317757 
0.8753894080996885 0.006230529595015576 0.006230529595015576 0.009345794392523364 0.009345794392523364 0.012461059190031152 0.006230529595015576 0.006230529595015576 0.009345794392523364 0.006230529595015576 0.009345794392523364 0.009345794392523364 0.009345794392523364 0.006230529595015576 0.006230529595015576 0.006230529595015576 0.006230529595015576 
0.028846153846153848 0.038461538461538464 0.14423076923076922 0.038461538461538464 0.038461538461538464 0.019230769230769232 0.057692307692307696 0.019230769230769232 0.019230769230769232 0.08653846153846154 0.07692307692307693 0.07692307692307693 0.038461538461538464 0.057692307692307696 0.057692307692307696 0.028846153846153848 0.17307692307692307 
0.7980295566502463 0.009852216748768473 0.009852216748768473 0.009852216748768473 0.009852216748768473 0.009852216748768473 0.019704433497536946 0.024630541871921183 0.014778325123152709 0.009852216748768473 0.019704433497536946 0.009852216748768473 0.009852216748768473 0.014778325123152709 0.009852216748768473 0.009852216748768473 0.009852216748768473 
0.034482758620689655 0.034482758620689655 0.10344827586206896 0.034482758620689655 0.034482758620689655 0.06896551724137931 0.1206896551724138 0.034482758620689655 0.05172413793103448 0.05172413793103448 0.05172413793103448 0.08620689655172414 0.034482758620689655 0.034482758620689655 0.06896551724137931 0.05172413793103448 0.10344827586206896 
0.05128205128205128 0.05128205128205128 0.02564102564102564 0.038461538461538464 0.20512820512820512 0.11538461538461539 0.02564102564102564 0.02564102564102564 0.05128205128205128 0.05128205128205128 0.05128205128205128 0.0641025641025641 0.02564102564102564 0.038461538461538464 0.08974358974358974 0.02564102564102564 0.0641025641025641 
0.05319148936170213 0.031914893617021274 0.02127659574468085 0.13829787234042554 0.2553191489361702 0.02127659574468085 0.031914893617021274 0.02127659574468085 0.0425531914893617 0.031914893617021274 0.05319148936170213 0.0425531914893617 0.031914893617021274 0.05319148936170213 0.0425531914893617 0.0425531914893617 0.0851063829787234 
0.0410958904109589 0.0547945205479452 0.0410958904109589 0.0410958904109589 0.3698630136986301 0.0273972602739726 0.0273972602739726 0.0410958904109589 0.0273972602739726 0.0410958904109589 0.0547945205479452 0.0273972602739726 0.0273972602739726 0.0273972602739726 0.0273972602739726 0.0273972602739726 0.0958904109589041 
0.03333333333333333 0.05 0.03333333333333333 0.03333333333333333 0.03333333333333333 0.05 0.03333333333333333 0.06666666666666667 0.03333333333333333 0.06666666666666667 0.06666666666666667 0.2 0.05 0.08333333333333333 0.05 0.05 0.06666666666666667 
0.009708737864077669 0.014563106796116505 0.024271844660194174 0.014563106796116505 0.14563106796116504 0.014563106796116505 0.038834951456310676 0.009708737864077669 0.024271844660194174 0.06796116504854369 0.009708737864077669 0.49029126213592233 0.024271844660194174 0.02912621359223301 0.04854368932038835 0.009708737864077669 0.024271844660194174 
0.0425531914893617 0.0425531914893617 0.0425531914893617 0.0851063829787234 0.0851063829787234 0.06382978723404255 0.0425531914893617 0.0425531914893617 0.0425531914893617 0.1276595744680851 0.06382978723404255 0.0425531914893617 0.0851063829787234 0.06382978723404255 0.0425531914893617 0.0425531914893617 0.0425531914893617 
0.034482758620689655 0.022988505747126436 0.06896551724137931 0.06896551724137931 0.09195402298850575 0.022988505747126436 0.08045977011494253 0.034482758620689655 0.04597701149425287 0.08045977011494253 0.05747126436781609 0.04597701149425287 0.06896551724137931 0.05747126436781609 0.08045977011494253 0.05747126436781609 0.08045977011494253 
0.006309148264984227 0.015772870662460567 0.00946372239747634 0.006309148264984227 0.006309148264984227 0.00946372239747634 0.006309148264984227 0.006309148264984227 0.006309148264984227 0.006309148264984227 0.006309148264984227 0.00946372239747634 0.006309148264984227 0.8517350157728707 0.00946372239747634 0.00946372239747634 0.028391167192429023 
0.0034071550255536627 0.022146507666098807 0.0068143100511073255 0.008517887563884156 0.008517887563884156 0.056218057921635436 0.013628620102214651 0.06473594548551959 0.0068143100511073255 0.034071550255536626 0.0068143100511073255 0.03236797274275979 0.017035775127768313 0.010221465076660987 0.013628620102214651 0.686541737649063 0.008517887563884156 
0.03597122302158273 0.014388489208633094 0.06474820143884892 0.014388489208633094 0.014388489208633094 0.02158273381294964 0.014388489208633094 0.04316546762589928 0.014388489208633094 0.03597122302158273 0.07194244604316546 0.014388489208633094 0.07913669064748201 0.04316546762589928 0.02877697841726619 0.4748201438848921 0.014388489208633094 
0.08860759493670886 0.05063291139240506 0.13924050632911392 0.08860759493670886 0.0759493670886076 0.0379746835443038 0.02531645569620253 0.02531645569620253 0.05063291139240506 0.02531645569620253 0.05063291139240506 0.02531645569620253 0.02531645569620253 0.08860759493670886 0.02531645569620253 0.02531645569620253 0.1518987341772152 
0.04716981132075472 0.02830188679245283 0.018867924528301886 0.04716981132075472 0.0660377358490566 0.02830188679245283 0.02830188679245283 0.018867924528301886 0.04716981132075472 0.05660377358490566 0.018867924528301886 0.46226415094339623 0.02830188679245283 0.02830188679245283 0.03773584905660377 0.018867924528301886 0.018867924528301886 
0.011363636363636364 0.6477272727272727 0.011363636363636364 0.017045454545454544 0.028409090909090908 0.017045454545454544 0.017045454545454544 0.011363636363636364 0.011363636363636364 0.028409090909090908 0.03409090909090909 0.017045454545454544 0.017045454545454544 0.028409090909090908 0.028409090909090908 0.011363636363636364 0.0625 
0.026785714285714284 0.125 0.39285714285714285 0.026785714285714284 0.03571428571428571 0.03571428571428571 0.026785714285714284 0.017857142857142856 0.026785714285714284 0.05357142857142857 0.03571428571428571 0.044642857142857144 0.03571428571428571 0.017857142857142856 0.017857142857142856 0.017857142857142856 0.0625 
0.029850746268656716 0.05970149253731343 0.029850746268656716 0.04477611940298507 0.04477611940298507 0.11940298507462686 0.04477611940298507 0.07462686567164178 0.029850746268656716 0.029850746268656716 0.04477611940298507 0.208955223880597 0.04477611940298507 0.04477611940298507 0.04477611940298507 0.029850746268656716 0.07462686567164178 
0.01680672268907563 0.058823529411764705 0.05042016806722689 0.05042016806722689 0.09243697478991597 0.12605042016806722 0.03361344537815126 0.01680672268907563 0.03361344537815126 0.12605042016806722 0.058823529411764705 0.10084033613445378 0.06722689075630252 0.04201680672268908 0.08403361344537816 0.025210084033613446 0.01680672268907563 
0.025974025974025976 0.025974025974025976 0.2077922077922078 0.025974025974025976 0.025974025974025976 0.05194805194805195 0.03896103896103896 0.025974025974025976 0.03896103896103896 0.06493506493506493 0.05194805194805195 0.11688311688311688 0.03896103896103896 0.03896103896103896 0.05194805194805195 0.025974025974025976 0.14285714285714285 
0.030864197530864196 0.030864197530864196 0.11728395061728394 0.12962962962962962 0.09876543209876543 0.018518518518518517 0.018518518518518517 0.012345679012345678 0.04938271604938271 0.06790123456790123 0.037037037037037035 0.08641975308641975 0.024691358024691357 0.06172839506172839 0.13580246913580246 0.043209876543209874 0.037037037037037035 
0.021604938271604937 0.027777777777777776 0.07407407407407407 0.037037037037037035 0.024691358024691357 0.037037037037037035 0.07716049382716049 0.006172839506172839 0.037037037037037035 0.08333333333333333 0.027777777777777776 0.19135802469135801 0.06172839506172839 0.05246913580246913 0.11419753086419752 0.024691358024691357 0.10185185185185185 
0.04065040650406504 0.06504065040650407 0.06504065040650407 0.04065040650406504 0.3008130081300813 0.056910569105691054 0.024390243902439025 0.07317073170731707 0.032520325203252036 0.032520325203252036 0.016260162601626018 0.04065040650406504 0.04065040650406504 0.032520325203252036 0.06504065040650407 0.04878048780487805 0.024390243902439025 
0.015748031496062992 0.023622047244094488 0.015748031496062992 0.023622047244094488 0.015748031496062992 0.015748031496062992 0.015748031496062992 0.015748031496062992 0.015748031496062992 0.015748031496062992 0.7086614173228346 0.015748031496062992 0.015748031496062992 0.015748031496062992 0.015748031496062992 0.015748031496062992 0.03937007874015748 
0.02247191011235955 0.07865168539325842 0.02247191011235955 0.29213483146067415 0.056179775280898875 0.056179775280898875 0.0449438202247191 0.02247191011235955 0.033707865168539325 0.0898876404494382 0.06741573033707865 0.033707865168539325 0.02247191011235955 0.033707865168539325 0.02247191011235955 0.02247191011235955 0.07865168539325842 
0.024096385542168676 0.012048192771084338 0.10040160642570281 0.040160642570281124 0.01606425702811245 0.012048192771084338 0.05622489959839357 0.5020080321285141 0.012048192771084338 0.008032128514056224 0.07630522088353414 0.028112449799196786 0.03614457831325301 0.028112449799196786 0.008032128514056224 0.012048192771084338 0.028112449799196786 
0.022222222222222223 0.06666666666666667 0.02962962962962963 0.02962962962962963 0.14074074074074075 0.037037037037037035 0.044444444444444446 0.014814814814814815 0.02962962962962963 0.014814814814814815 0.044444444444444446 0.07407407407407407 0.02962962962962963 0.02962962962962963 0.05925925925925926 0.014814814814814815 0.31851851851851853 
0.0017482517482517483 0.0026223776223776225 0.0026223776223776225 0.005244755244755245 0.017482517482517484 0.9047202797202797 0.0017482517482517483 0.0017482517482517483 0.0026223776223776225 0.008741258741258742 0.007867132867132868 0.006993006993006993 0.005244755244755245 0.01486013986013986 0.009615384615384616 0.0017482517482517483 0.004370629370629371 
0.03260869565217391 0.03260869565217391 0.043478260869565216 0.07608695652173914 0.043478260869565216 0.043478260869565216 0.021739130434782608 0.13043478260869565 0.05434782608695652 0.043478260869565216 0.11956521739130435 0.03260869565217391 0.09782608695652174 0.05434782608695652 0.10869565217391304 0.021739130434782608 0.043478260869565216 
0.047058823529411764 0.023529411764705882 0.023529411764705882 0.03529411764705882 0.4823529411764706 0.09411764705882353 0.047058823529411764 0.023529411764705882 0.03529411764705882 0.023529411764705882 0.023529411764705882 0.023529411764705882 0.023529411764705882 0.023529411764705882 0.023529411764705882 0.023529411764705882 0.023529411764705882 
0.812807881773399 0.009852216748768473 0.014778325123152709 0.009852216748768473 0.014778325123152709 0.009852216748768473 0.009852216748768473 0.009852216748768473 0.009852216748768473 0.009852216748768473 0.009852216748768473 0.009852216748768473 0.009852216748768473 0.024630541871921183 0.009852216748768473 0.009852216748768473 0.014778325123152709 
0.044444444444444446 0.05555555555555555 0.17777777777777778 0.05555555555555555 0.07777777777777778 0.07777777777777778 0.044444444444444446 0.022222222222222223 0.022222222222222223 0.044444444444444446 0.07777777777777778 0.044444444444444446 0.044444444444444446 0.07777777777777778 0.03333333333333333 0.03333333333333333 0.06666666666666667 
0.034482758620689655 0.034482758620689655 0.034482758620689655 0.034482758620689655 0.06896551724137931 0.05172413793103448 0.034482758620689655 0.05172413793103448 0.034482758620689655 0.034482758620689655 0.05172413793103448 0.06896551724137931 0.05172413793103448 0.06896551724137931 0.08620689655172414 0.034482758620689655 0.22413793103448276 
0.008298755186721992 0.004149377593360996 0.011065006915629323 0.0027662517289073307 0.005532503457814661 0.005532503457814661 0.004149377593360996 0.004149377593360996 0.9031811894882434 0.0027662517289073307 0.004149377593360996 0.004149377593360996 0.006915629322268326 0.006915629322268326 0.004149377593360996 0.006915629322268326 0.015214384508990318 
0.04672897196261682 0.037383177570093455 0.018691588785046728 0.018691588785046728 0.14485981308411214 0.028037383177570093 0.04205607476635514 0.014018691588785047 0.018691588785046728 0.04205607476635514 0.014018691588785047 0.0514018691588785 0.018691588785046728 0.009345794392523364 0.4532710280373832 0.009345794392523364 0.03271028037383177 
0.0273972602739726 0.0410958904109589 0.0547945205479452 0.0684931506849315 0.1917808219178082 0.0410958904109589 0.0273972602739726 0.0273972602739726 0.0821917808219178 0.0684931506849315 0.0547945205479452 0.0273972602739726 0.0410958904109589 0.0821917808219178 0.0684931506849315 0.0410958904109589 0.0547945205479452 
0.005797101449275362 0.020289855072463767 0.8 0.005797101449275362 0.014492753623188406 0.011594202898550725 0.008695652173913044 0.005797101449275362 0.005797101449275362 0.011594202898550725 0.020289855072463767 0.008695652173913044 0.014492753623188406 0.020289855072463767 0.008695652173913044 0.011594202898550725 0.02608695652173913 
0.0125 0.8 0.0125 0.0125 0.0125 0.0125 0.0125 0.0125 0.0125 0.0125 0.0125 0.0125 0.0125 0.0125 0.0125 0.0125 0.0125 
0.024390243902439025 0.024390243902439025 0.024390243902439025 0.024390243902439025 0.17073170731707318 0.036585365853658534 0.04878048780487805 0.024390243902439025 0.024390243902439025 0.036585365853658534 0.07317073170731707 0.12195121951219512 0.024390243902439025 0.024390243902439025 0.024390243902439025 0.036585365853658534 0.25609756097560976 
0.03361344537815126 0.01680672268907563 0.10084033613445378 0.06722689075630252 0.1092436974789916 0.07563025210084033 0.03361344537815126 0.025210084033613446 0.01680672268907563 0.07563025210084033 0.07563025210084033 0.08403361344537816 0.01680672268907563 0.03361344537815126 0.12605042016806722 0.05042016806722689 0.058823529411764705 
0.02857142857142857 0.04285714285714286 0.02142857142857143 0.05 0.02142857142857143 0.12857142857142856 0.03571428571428571 0.02142857142857143 0.02142857142857143 0.02857142857142857 0.014285714285714285 0.03571428571428571 0.02142857142857143 0.12142857142857143 0.05714285714285714 0.014285714285714285 0.3357142857142857 
0.06808510638297872 0.03829787234042553 0.02553191489361702 0.03404255319148936 0.07234042553191489 0.03404255319148936 0.04680851063829787 0.2723404255319149 0.03404255319148936 0.03404255319148936 0.06808510638297872 0.09361702127659574 0.01702127659574468 0.05531914893617021 0.05106382978723404 0.02553191489361702 0.029787234042553193 
0.041666666666666664 0.027777777777777776 0.041666666666666664 0.027777777777777776 0.08333333333333333 0.05555555555555555 0.05555555555555555 0.041666666666666664 0.027777777777777776 0.027777777777777776 0.09722222222222222 0.2361111111111111 0.027777777777777776 0.027777777777777776 0.09722222222222222 0.041666666666666664 0.041666666666666664 
0.02 0.08 0.08 0.09 0.17 0.02 0.05 0.02 0.05 0.02 0.02 0.08 0.04 0.04 0.04 0.03 0.15 
0.015748031496062992 0.015748031496062992 0.023622047244094488 0.015748031496062992 0.023622047244094488 0.015748031496062992 0.015748031496062992 0.015748031496062992 0.015748031496062992 0.023622047244094488 0.6771653543307087 0.015748031496062992 0.015748031496062992 0.031496062992125984 0.015748031496062992 0.015748031496062992 0.047244094488188976 
0.051470588235294115 0.03676470588235294 0.03676470588235294 0.04411764705882353 0.03676470588235294 0.014705882352941176 0.051470588235294115 0.014705882352941176 0.11764705882352941 0.051470588235294115 0.0661764705882353 0.23529411764705882 0.022058823529411766 0.07352941176470588 0.0661764705882353 0.014705882352941176 0.0661764705882353 
0.04597701149425287 0.022988505747126436 0.05747126436781609 0.05747126436781609 0.05747126436781609 0.06896551724137931 0.05747126436781609 0.022988505747126436 0.022988505747126436 0.08045977011494253 0.022988505747126436 0.10344827586206896 0.04597701149425287 0.04597701149425287 0.09195402298850575 0.04597701149425287 0.14942528735632185 
0.03225806451612903 0.021505376344086023 0.03225806451612903 0.5483870967741935 0.021505376344086023 0.021505376344086023 0.021505376344086023 0.021505376344086023 0.053763440860215055 0.03225806451612903 0.021505376344086023 0.03225806451612903 0.03225806451612903 0.021505376344086023 0.03225806451612903 0.03225806451612903 0.021505376344086023 
0.025974025974025976 0.03896103896103896 0.05194805194805195 0.07792207792207792 0.2727272727272727 0.025974025974025976 0.06493506493506493 0.025974025974025976 0.03896103896103896 0.03896103896103896 0.03896103896103896 0.03896103896103896 0.03896103896103896 0.025974025974025976 0.11688311688311688 0.025974025974025976 0.05194805194805195 
0.0449438202247191 0.06741573033707865 0.056179775280898875 0.12359550561797752 0.033707865168539325 0.07865168539325842 0.033707865168539325 0.056179775280898875 0.02247191011235955 0.033707865168539325 0.14606741573033707 0.07865168539325842 0.02247191011235955 0.033707865168539325 0.11235955056179775 0.02247191011235955 0.033707865168539325 
0.027777777777777776 0.0763888888888889 0.013888888888888888 0.11805555555555555 0.020833333333333332 0.027777777777777776 0.020833333333333332 0.020833333333333332 0.020833333333333332 0.2638888888888889 0.0625 0.04861111111111111 0.020833333333333332 0.041666666666666664 0.1111111111111111 0.020833333333333332 0.08333333333333333 
0.01910828025477707 0.07006369426751592 0.06369426751592357 0.01910828025477707 0.12101910828025478 0.03184713375796178 0.03184713375796178 0.03184713375796178 0.012738853503184714 0.01910828025477707 0.025477707006369428 0.2611464968152866 0.03821656050955414 0.10828025477707007 0.044585987261146494 0.05732484076433121 0.044585987261146494 
0.039473684210526314 0.07894736842105263 0.02631578947368421 0.039473684210526314 0.21052631578947367 0.02631578947368421 0.039473684210526314 0.02631578947368421 0.02631578947368421 0.05263157894736842 0.05263157894736842 0.07894736842105263 0.06578947368421052 0.02631578947368421 0.039473684210526314 0.02631578947368421 0.14473684210526316 
0.023952095808383235 0.08982035928143713 0.041916167664670656 0.0658682634730539 0.029940119760479042 0.04790419161676647 0.041916167664670656 0.017964071856287425 0.029940119760479042 0.11377245508982035 0.017964071856287425 0.1497005988023952 0.023952095808383235 0.08383233532934131 0.07784431137724551 0.03592814371257485 0.10778443113772455 
0.038834951456310676 0.02912621359223301 0.038834951456310676 0.08737864077669903 0.1262135922330097 0.0970873786407767 0.038834951456310676 0.019417475728155338 0.038834951456310676 0.0970873786407767 0.019417475728155338 0.02912621359223301 0.08737864077669903 0.07766990291262135 0.07766990291262135 0.038834951456310676 0.05825242718446602 
0.029411764705882353 0.029411764705882353 0.04411764705882353 0.029411764705882353 0.029411764705882353 0.029411764705882353 0.04411764705882353 0.029411764705882353 0.04411764705882353 0.029411764705882353 0.029411764705882353 0.029411764705882353 0.029411764705882353 0.04411764705882353 0.058823529411764705 0.029411764705882353 0.4411764705882353 
0.04054054054054054 0.05405405405405406 0.04054054054054054 0.16216216216216217 0.06756756756756757 0.06756756756756757 0.02702702702702703 0.02702702702702703 0.05405405405405406 0.0945945945945946 0.02702702702702703 0.05405405405405406 0.04054054054054054 0.06756756756756757 0.0945945945945946 0.05405405405405406 0.02702702702702703 
0.034482758620689655 0.06896551724137931 0.06896551724137931 0.06896551724137931 0.034482758620689655 0.06896551724137931 0.034482758620689655 0.05172413793103448 0.06896551724137931 0.05172413793103448 0.05172413793103448 0.034482758620689655 0.06896551724137931 0.08620689655172414 0.06896551724137931 0.034482758620689655 0.10344827586206896 
0.024390243902439025 0.04878048780487805 0.036585365853658534 0.06097560975609756 0.024390243902439025 0.024390243902439025 0.04878048780487805 0.024390243902439025 0.04878048780487805 0.12195121951219512 0.024390243902439025 0.2804878048780488 0.036585365853658534 0.024390243902439025 0.036585365853658534 0.04878048780487805 0.08536585365853659 
0.029411764705882353 0.04411764705882353 0.029411764705882353 0.04411764705882353 0.04411764705882353 0.07352941176470588 0.029411764705882353 0.029411764705882353 0.04411764705882353 0.11764705882352941 0.058823529411764705 0.16176470588235295 0.07352941176470588 0.04411764705882353 0.04411764705882353 0.04411764705882353 0.08823529411764706 
0.009523809523809525 0.05714285714285714 0.03333333333333333 0.05238095238095238 0.4523809523809524 0.10952380952380952 0.009523809523809525 0.009523809523809525 0.014285714285714285 0.023809523809523808 0.06666666666666667 0.014285714285714285 0.023809523809523808 0.014285714285714285 0.04285714285714286 0.023809523809523808 0.04285714285714286 
0.022222222222222223 0.03333333333333333 0.044444444444444446 0.044444444444444446 0.1111111111111111 0.1 0.05555555555555555 0.022222222222222223 0.05555555555555555 0.044444444444444446 0.08888888888888889 0.07777777777777778 0.03333333333333333 0.044444444444444446 0.13333333333333333 0.044444444444444446 0.044444444444444446 
0.0125 0.78125 0.0125 0.0125 0.0125 0.0125 0.01875 0.0125 0.01875 0.0125 0.0125 0.0125 0.0125 0.0125 0.0125 0.0125 0.01875 
0.015748031496062992 0.031496062992125984 0.023622047244094488 0.4251968503937008 0.03937007874015748 0.11811023622047244 0.015748031496062992 0.015748031496062992 0.07086614173228346 0.031496062992125984 0.023622047244094488 0.023622047244094488 0.07086614173228346 0.023622047244094488 0.015748031496062992 0.03937007874015748 0.015748031496062992 
0.057692307692307696 0.09615384615384616 0.038461538461538464 0.09615384615384616 0.07692307692307693 0.057692307692307696 0.057692307692307696 0.038461538461538464 0.038461538461538464 0.057692307692307696 0.038461538461538464 0.07692307692307693 0.038461538461538464 0.057692307692307696 0.07692307692307693 0.057692307692307696 0.038461538461538464 
0.028846153846153848 0.028846153846153848 0.057692307692307696 0.019230769230769232 0.028846153846153848 0.057692307692307696 0.028846153846153848 0.028846153846153848 0.028846153846153848 0.08653846153846154 0.25 0.18269230769230768 0.04807692307692308 0.04807692307692308 0.019230769230769232 0.028846153846153848 0.028846153846153848 
0.026455026455026454 0.021164021164021163 0.037037037037037035 0.021164021164021163 0.3862433862433862 0.0582010582010582 0.010582010582010581 0.015873015873015872 0.037037037037037035 0.06349206349206349 0.015873015873015872 0.14285714285714285 0.015873015873015872 0.08465608465608465 0.021164021164021163 0.031746031746031744 0.010582010582010581 
0.013392857142857142 0.017857142857142856 0.013392857142857142 0.14285714285714285 0.044642857142857144 0.12053571428571429 0.04017857142857143 0.008928571428571428 0.013392857142857142 0.13839285714285715 0.022321428571428572 0.08035714285714286 0.022321428571428572 0.10267857142857142 0.11160714285714286 0.017857142857142856 0.08928571428571429 
0.0625 0.0625 0.0625 0.046875 0.046875 0.046875 0.03125 0.03125 0.046875 0.046875 0.046875 0.1875 0.046875 0.03125 0.0625 0.03125 0.109375 
0.029850746268656716 0.05970149253731343 0.08955223880597014 0.04477611940298507 0.04477611940298507 0.07462686567164178 0.04477611940298507 0.029850746268656716 0.04477611940298507 0.029850746268656716 0.04477611940298507 0.04477611940298507 0.029850746268656716 0.11940298507462686 0.1791044776119403 0.029850746268656716 0.05970149253731343 
0.017241379310344827 0.017241379310344827 0.5775862068965517 0.02586206896551724 0.0603448275862069 0.017241379310344827 0.02586206896551724 0.017241379310344827 0.02586206896551724 0.017241379310344827 0.02586206896551724 0.017241379310344827 0.017241379310344827 0.04310344827586207 0.034482758620689655 0.017241379310344827 0.04310344827586207 
0.0273972602739726 0.0273972602739726 0.0410958904109589 0.136986301369863 0.1643835616438356 0.0958904109589041 0.0410958904109589 0.0273972602739726 0.0547945205479452 0.0410958904109589 0.0410958904109589 0.0547945205479452 0.0547945205479452 0.0273972602739726 0.0684931506849315 0.0547945205479452 0.0410958904109589 
0.029411764705882353 0.1323529411764706 0.04411764705882353 0.029411764705882353 0.04411764705882353 0.08823529411764706 0.04411764705882353 0.04411764705882353 0.029411764705882353 0.04411764705882353 0.058823529411764705 0.16176470588235295 0.04411764705882353 0.058823529411764705 0.04411764705882353 0.04411764705882353 0.058823529411764705 
0.05128205128205128 0.09401709401709402 0.05982905982905983 0.13675213675213677 0.05982905982905983 0.03418803418803419 0.02564102564102564 0.02564102564102564 0.05128205128205128 0.02564102564102564 0.02564102564102564 0.11965811965811966 0.06837606837606838 0.017094017094017096 0.11965811965811966 0.017094017094017096 0.06837606837606838 
0.030303030303030304 0.21212121212121213 0.07575757575757576 0.045454545454545456 0.030303030303030304 0.030303030303030304 0.045454545454545456 0.045454545454545456 0.06060606060606061 0.030303030303030304 0.045454545454545456 0.06060606060606061 0.06060606060606061 0.09090909090909091 0.030303030303030304 0.06060606060606061 0.045454545454545456 
0.047619047619047616 0.047619047619047616 0.031746031746031744 0.031746031746031744 0.09523809523809523 0.031746031746031744 0.06349206349206349 0.047619047619047616 0.047619047619047616 0.06349206349206349 0.09523809523809523 0.14285714285714285 0.047619047619047616 0.047619047619047616 0.07936507936507936 0.031746031746031744 0.047619047619047616 
0.030927835051546393 0.020618556701030927 0.020618556701030927 0.05154639175257732 0.030927835051546393 0.030927835051546393 0.030927835051546393 0.05154639175257732 0.020618556701030927 0.030927835051546393 0.041237113402061855 0.041237113402061855 0.4845360824742268 0.020618556701030927 0.020618556701030927 0.05154639175257732 0.020618556701030927 
0.05555555555555555 0.041666666666666664 0.027777777777777776 0.05555555555555555 0.20833333333333334 0.06944444444444445 0.041666666666666664 0.027777777777777776 0.05555555555555555 0.041666666666666664 0.027777777777777776 0.06944444444444445 0.06944444444444445 0.041666666666666664 0.05555555555555555 0.027777777777777776 0.08333333333333333 
0.05333333333333334 0.02666666666666667 0.02666666666666667 0.10666666666666667 0.3333333333333333 0.04 0.04 0.02666666666666667 0.04 0.06666666666666667 0.02666666666666667 0.04 0.04 0.04 0.02666666666666667 0.02666666666666667 0.04 
0.010638297872340425 0.031914893617021274 0.0121580547112462 0.02127659574468085 0.060790273556231005 0.057750759878419454 0.041033434650455926 0.44072948328267475 0.013677811550151976 0.00911854103343465 0.02127659574468085 0.08358662613981763 0.08814589665653495 0.00303951367781155 0.0668693009118541 0.00911854103343465 0.028875379939209727 
0.008928571428571428 0.013392857142857142 0.022321428571428572 0.03125 0.008928571428571428 0.03125 0.017857142857142856 0.5133928571428571 0.013392857142857142 0.022321428571428572 0.008928571428571428 0.18303571428571427 0.013392857142857142 0.022321428571428572 0.06696428571428571 0.013392857142857142 0.008928571428571428 
0.058333333333333334 0.03333333333333333 0.016666666666666666 0.09166666666666666 0.11666666666666667 0.041666666666666664 0.03333333333333333 0.016666666666666666 0.016666666666666666 0.09166666666666666 0.03333333333333333 0.1 0.06666666666666667 0.05 0.09166666666666666 0.058333333333333334 0.08333333333333333 
0.028169014084507043 0.028169014084507043 0.056338028169014086 0.028169014084507043 0.07042253521126761 0.04225352112676056 0.07042253521126761 0.04225352112676056 0.028169014084507043 0.056338028169014086 0.07042253521126761 0.028169014084507043 0.07042253521126761 0.07042253521126761 0.056338028169014086 0.028169014084507043 0.22535211267605634 
0.02702702702702703 0.07432432432432433 0.033783783783783786 0.10810810810810811 0.12837837837837837 0.033783783783783786 0.033783783783783786 0.02702702702702703 0.02027027027027027 0.013513513513513514 0.013513513513513514 0.14864864864864866 0.05405405405405406 0.02027027027027027 0.07432432432432433 0.013513513513513514 0.17567567567567569 
0.02666666666666667 0.04 0.05333333333333334 0.05333333333333334 0.04 0.14666666666666667 0.02666666666666667 0.02666666666666667 0.13333333333333333 0.08 0.05333333333333334 0.04 0.05333333333333334 0.02666666666666667 0.06666666666666667 0.02666666666666667 0.10666666666666667 
0.0125 0.7875 0.0125 0.0125 0.0125 0.0125 0.0125 0.0125 0.01875 0.0125 0.0125 0.0125 0.0125 0.0125 0.0125 0.0125 0.01875 
0.08602150537634409 0.03225806451612903 0.021505376344086023 0.043010752688172046 0.3978494623655914 0.021505376344086023 0.021505376344086023 0.021505376344086023 0.03225806451612903 0.07526881720430108 0.06451612903225806 0.03225806451612903 0.021505376344086023 0.021505376344086023 0.03225806451612903 0.03225806451612903 0.043010752688172046 
0.06451612903225806 0.0967741935483871 0.03225806451612903 0.03225806451612903 0.04838709677419355 0.06451612903225806 0.03225806451612903 0.03225806451612903 0.11290322580645161 0.0967741935483871 0.03225806451612903 0.04838709677419355 0.03225806451612903 0.04838709677419355 0.14516129032258066 0.04838709677419355 0.03225806451612903 
0.034482758620689655 0.05172413793103448 0.05172413793103448 0.034482758620689655 0.05172413793103448 0.05172413793103448 0.05172413793103448 0.06896551724137931 0.034482758620689655 0.08620689655172414 0.06896551724137931 0.06896551724137931 0.034482758620689655 0.034482758620689655 0.1724137931034483 0.05172413793103448 0.05172413793103448 
0.012738853503184714 0.03184713375796178 0.03184713375796178 0.5923566878980892 0.05732484076433121 0.01910828025477707 0.012738853503184714 0.012738853503184714 0.01910828025477707 0.012738853503184714 0.025477707006369428 0.01910828025477707 0.01910828025477707 0.012738853503184714 0.012738853503184714 0.012738853503184714 0.09554140127388536 
0.02666666666666667 0.09333333333333334 0.04 0.02666666666666667 0.12 0.02666666666666667 0.09333333333333334 0.02666666666666667 0.02666666666666667 0.05333333333333334 0.06666666666666667 0.02666666666666667 0.13333333333333333 0.09333333333333334 0.05333333333333334 0.02666666666666667 0.06666666666666667 
0.024691358024691357 0.024691358024691357 0.2962962962962963 0.06172839506172839 0.037037037037037035 0.037037037037037035 0.037037037037037035 0.024691358024691357 0.06172839506172839 0.06172839506172839 0.06172839506172839 0.037037037037037035 0.04938271604938271 0.04938271604938271 0.024691358024691357 0.024691358024691357 0.08641975308641975 
0.06060606060606061 0.045454545454545456 0.045454545454545456 0.06060606060606061 0.24242424242424243 0.07575757575757576 0.030303030303030304 0.030303030303030304 0.030303030303030304 0.06060606060606061 0.06060606060606061 0.030303030303030304 0.030303030303030304 0.07575757575757576 0.06060606060606061 0.030303030303030304 0.030303030303030304 
0.03278688524590164 0.06557377049180328 0.06557377049180328 0.11475409836065574 0.19672131147540983 0.03278688524590164 0.04918032786885246 0.03278688524590164 0.09836065573770492 0.03278688524590164 0.03278688524590164 0.03278688524590164 0.03278688524590164 0.06557377049180328 0.04918032786885246 0.03278688524590164 0.03278688524590164 
0.03333333333333333 0.041666666666666664 0.08333333333333333 0.5 0.05 0.025 0.016666666666666666 0.016666666666666666 0.016666666666666666 0.041666666666666664 0.025 0.025 0.025 0.03333333333333333 0.025 0.025 0.016666666666666666 
0.02040816326530612 0.04081632653061224 0.02040816326530612 0.05102040816326531 0.030612244897959183 0.030612244897959183 0.030612244897959183 0.02040816326530612 0.02040816326530612 0.37755102040816324 0.10204081632653061 0.061224489795918366 0.030612244897959183 0.030612244897959183 0.02040816326530612 0.030612244897959183 0.08163265306122448 
0.020618556701030927 0.030927835051546393 0.041237113402061855 0.15463917525773196 0.05154639175257732 0.020618556701030927 0.030927835051546393 0.05154639175257732 0.020618556701030927 0.030927835051546393 0.13402061855670103 0.08247422680412371 0.030927835051546393 0.07216494845360824 0.030927835051546393 0.05154639175257732 0.14432989690721648 
0.03225806451612903 0.08064516129032258 0.04838709677419355 0.06451612903225806 0.0967741935483871 0.08064516129032258 0.03225806451612903 0.04838709677419355 0.03225806451612903 0.06451612903225806 0.04838709677419355 0.06451612903225806 0.03225806451612903 0.06451612903225806 0.11290322580645161 0.06451612903225806 0.03225806451612903 
0.022900763358778626 0.015267175572519083 0.030534351145038167 0.16793893129770993 0.05343511450381679 0.061068702290076333 0.022900763358778626 0.022900763358778626 0.030534351145038167 0.06870229007633588 0.030534351145038167 0.11450381679389313 0.022900763358778626 0.11450381679389313 0.13740458015267176 0.022900763358778626 0.061068702290076333 
0.023529411764705882 0.03529411764705882 0.03529411764705882 0.08235294117647059 0.023529411764705882 0.03529411764705882 0.03529411764705882 0.023529411764705882 0.03529411764705882 0.047058823529411764 0.03529411764705882 0.3058823529411765 0.047058823529411764 0.047058823529411764 0.047058823529411764 0.03529411764705882 0.10588235294117647 
0.0196078431372549 0.023529411764705882 0.03529411764705882 0.0784313725490196 0.043137254901960784 0.00784313725490196 0.10588235294117647 0.42745098039215684 0.027450980392156862 0.023529411764705882 0.01568627450980392 0.08235294117647059 0.023529411764705882 0.00784313725490196 0.027450980392156862 0.00784313725490196 0.043137254901960784 
0.0273972602739726 0.0410958904109589 0.0547945205479452 0.0273972602739726 0.3698630136986301 0.0547945205479452 0.0547945205479452 0.0273972602739726 0.0273972602739726 0.0273972602739726 0.0547945205479452 0.0273972602739726 0.0410958904109589 0.0273972602739726 0.0547945205479452 0.0273972602739726 0.0547945205479452 
0.819327731092437 0.01680672268907563 0.012605042016806723 0.008403361344537815 0.012605042016806723 0.008403361344537815 0.012605042016806723 0.012605042016806723 0.008403361344537815 0.01680672268907563 0.008403361344537815 0.008403361344537815 0.012605042016806723 0.008403361344537815 0.008403361344537815 0.012605042016806723 0.012605042016806723 
0.04716981132075472 0.03773584905660377 0.07547169811320754 0.09433962264150944 0.18867924528301888 0.07547169811320754 0.02830188679245283 0.02830188679245283 0.03773584905660377 0.04716981132075472 0.018867924528301886 0.0660377358490566 0.0660377358490566 0.03773584905660377 0.04716981132075472 0.02830188679245283 0.07547169811320754 
0.09090909090909091 0.04195804195804196 0.02097902097902098 0.16783216783216784 0.1048951048951049 0.03496503496503497 0.027972027972027972 0.027972027972027972 0.027972027972027972 0.0979020979020979 0.07692307692307693 0.055944055944055944 0.027972027972027972 0.027972027972027972 0.07692307692307693 0.04895104895104895 0.04195804195804196 
0.014084507042253521 0.014084507042253521 0.056338028169014086 0.014084507042253521 0.02112676056338028 0.014084507042253521 0.02112676056338028 0.6408450704225352 0.014084507042253521 0.014084507042253521 0.035211267605633804 0.014084507042253521 0.04225352112676056 0.014084507042253521 0.014084507042253521 0.035211267605633804 0.02112676056338028 
0.016666666666666666 0.1 0.025 0.025 0.025 0.016666666666666666 0.075 0.016666666666666666 0.03333333333333333 0.175 0.05 0.13333333333333333 0.08333333333333333 0.06666666666666667 0.06666666666666667 0.03333333333333333 0.058333333333333334 
0.015463917525773196 0.010309278350515464 0.010309278350515464 0.015463917525773196 0.015463917525773196 0.010309278350515464 0.015463917525773196 0.010309278350515464 0.015463917525773196 0.015463917525773196 0.8041237113402062 0.010309278350515464 0.010309278350515464 0.010309278350515464 0.010309278350515464 0.010309278350515464 0.010309278350515464 
0.034482758620689655 0.034482758620689655 0.05172413793103448 0.08620689655172414 0.05172413793103448 0.05172413793103448 0.034482758620689655 0.034482758620689655 0.10344827586206896 0.06896551724137931 0.034482758620689655 0.034482758620689655 0.05172413793103448 0.10344827586206896 0.15517241379310345 0.034482758620689655 0.034482758620689655 
0.0196078431372549 0.0196078431372549 0.049019607843137254 0.12745098039215685 0.23529411764705882 0.0392156862745098 0.058823529411764705 0.06862745098039216 0.049019607843137254 0.049019607843137254 0.0392156862745098 0.0392156862745098 0.0196078431372549 0.049019607843137254 0.058823529411764705 0.0392156862745098 0.0392156862745098 
0.058823529411764705 0.09411764705882353 0.023529411764705882 0.09411764705882353 0.047058823529411764 0.023529411764705882 0.047058823529411764 0.03529411764705882 0.023529411764705882 0.08235294117647059 0.10588235294117647 0.047058823529411764 0.03529411764705882 0.047058823529411764 0.047058823529411764 0.023529411764705882 0.16470588235294117 
