0.05 0.01818181818181818 0.10909090909090909 0.01818181818181818 0.022727272727272728 0.04090909090909091 0.013636363636363636 0.15 0.03636363636363636 0.2 0.08181818181818182 0.01818181818181818 0.03636363636363636 0.1 0.00909090909090909 0.06818181818181818 0.02727272727272727 
0.0379746835443038 0.0759493670886076 0.0379746835443038 0.08860759493670886 0.02531645569620253 0.0379746835443038 0.02531645569620253 0.06329113924050633 0.0379746835443038 0.0379746835443038 0.06329113924050633 0.11392405063291139 0.08860759493670886 0.11392405063291139 0.0379746835443038 0.06329113924050633 0.05063291139240506 
0.02564102564102564 0.0641025641025641 0.02564102564102564 0.05128205128205128 0.038461538461538464 0.02564102564102564 0.02564102564102564 0.02564102564102564 0.038461538461538464 0.02564102564102564 0.038461538461538464 0.02564102564102564 0.28205128205128205 0.038461538461538464 0.08974358974358974 0.02564102564102564 0.15384615384615385 
0.030303030303030304 0.045454545454545456 0.030303030303030304 0.10606060606060606 0.07575757575757576 0.030303030303030304 0.030303030303030304 0.045454545454545456 0.045454545454545456 0.045454545454545456 0.18181818181818182 0.030303030303030304 0.030303030303030304 0.07575757575757576 0.045454545454545456 0.06060606060606061 0.09090909090909091 
0.0189873417721519 0.012658227848101266 0.0189873417721519 0.5632911392405063 0.02531645569620253 0.06962025316455696 0.03164556962025317 0.012658227848101266 0.0189873417721519 0.03164556962025317 0.04430379746835443 0.012658227848101266 0.0189873417721519 0.04430379746835443 0.0379746835443038 0.0189873417721519 0.0189873417721519 
0.060240963855421686 0.024096385542168676 0.13253012048192772 0.04819277108433735 0.10843373493975904 0.03614457831325301 0.024096385542168676 0.024096385542168676 0.07228915662650602 0.024096385542168676 0.03614457831325301 0.03614457831325301 0.03614457831325301 0.1566265060240964 0.0963855421686747 0.03614457831325301 0.04819277108433735 
0.08064516129032258 0.04838709677419355 0.03225806451612903 0.04838709677419355 0.03225806451612903 0.04838709677419355 0.03225806451612903 0.03225806451612903 0.11290322580645161 0.0967741935483871 0.04838709677419355 0.03225806451612903 0.04838709677419355 0.08064516129032258 0.11290322580645161 0.03225806451612903 0.08064516129032258 
0.018691588785046728 0.056074766355140186 0.028037383177570093 0.056074766355140186 0.056074766355140186 0.037383177570093455 0.018691588785046728 0.018691588785046728 0.028037383177570093 0.12149532710280374 0.22429906542056074 0.14953271028037382 0.037383177570093455 0.028037383177570093 0.037383177570093455 0.028037383177570093 0.056074766355140186 
0.8722741433021807 0.006230529595015576 0.006230529595015576 0.006230529595015576 0.006230529595015576 0.006230529595015576 0.01557632398753894 0.006230529595015576 0.009345794392523364 0.012461059190031152 0.006230529595015576 0.006230529595015576 0.009345794392523364 0.006230529595015576 0.006230529595015576 0.006230529595015576 0.012461059190031152 
0.028846153846153848 0.028846153846153848 0.18269230769230768 0.019230769230769232 0.07692307692307693 0.057692307692307696 0.04807692307692308 0.019230769230769232 0.019230769230769232 0.057692307692307696 0.0673076923076923 0.10576923076923077 0.019230769230769232 0.04807692307692308 0.028846153846153848 0.028846153846153848 0.16346153846153846 
0.8325123152709359 0.009852216748768473 0.009852216748768473 0.009852216748768473 0.009852216748768473 0.009852216748768473 0.014778325123152709 0.009852216748768473 0.009852216748768473 0.009852216748768473 0.009852216748768473 0.009852216748768473 0.009852216748768473 0.009852216748768473 0.009852216748768473 0.009852216748768473 0.014778325123152709 
0.034482758620689655 0.06896551724137931 0.05172413793103448 0.05172413793103448 0.034482758620689655 0.034482758620689655 0.05172413793103448 0.034482758620689655 0.10344827586206896 0.05172413793103448 0.1206896551724138 0.08620689655172414 0.06896551724137931 0.034482758620689655 0.034482758620689655 0.034482758620689655 0.10344827586206896 
0.02564102564102564 0.07692307692307693 0.02564102564102564 0.0641025641025641 0.19230769230769232 0.02564102564102564 0.02564102564102564 0.02564102564102564 0.038461538461538464 0.05128205128205128 0.0641025641025641 0.05128205128205128 0.02564102564102564 0.07692307692307693 0.10256410256410256 0.05128205128205128 0.07692307692307693 
0.02127659574468085 0.05319148936170213 0.02127659574468085 0.1276595744680851 0.32978723404255317 0.0425531914893617 0.0425531914893617 0.02127659574468085 0.02127659574468085 0.031914893617021274 0.031914893617021274 0.0425531914893617 0.0425531914893617 0.031914893617021274 0.02127659574468085 0.06382978723404255 0.05319148936170213 
0.0410958904109589 0.0410958904109589 0.0273972602739726 0.0273972602739726 0.3561643835616438 0.0684931506849315 0.0273972602739726 0.0410958904109589 0.0273972602739726 0.0273972602739726 0.0958904109589041 0.0273972602739726 0.0273972602739726 0.0273972602739726 0.0410958904109589 0.0273972602739726 0.0684931506849315 
0.03333333333333333 0.05 0.03333333333333333 0.06666666666666667 0.1 0.06666666666666667 0.06666666666666667 0.05 0.03333333333333333 0.06666666666666667 0.06666666666666667 0.13333333333333333 0.06666666666666667 0.06666666666666667 0.03333333333333333 0.03333333333333333 0.03333333333333333 
0.009708737864077669 0.03398058252427184 0.014563106796116505 0.014563106796116505 0.1407766990291262 0.014563106796116505 0.009708737864077669 0.009708737864077669 0.03398058252427184 0.014563106796116505 0.02912621359223301 0.529126213592233 0.014563106796116505 0.07281553398058252 0.024271844660194174 0.014563106796116505 0.019417475728155338 
0.0425531914893617 0.0425531914893617 0.0425531914893617 0.14893617021276595 0.06382978723404255 0.06382978723404255 0.0425531914893617 0.0425531914893617 0.06382978723404255 0.1276595744680851 0.0425531914893617 0.0425531914893617 0.0425531914893617 0.0425531914893617 0.06382978723404255 0.0425531914893617 0.0425531914893617 
0.034482758620689655 0.022988505747126436 0.08045977011494253 0.04597701149425287 0.12643678160919541 0.09195402298850575 0.022988505747126436 0.022988505747126436 0.04597701149425287 0.04597701149425287 0.022988505747126436 0.10344827586206896 0.05747126436781609 0.04597701149425287 0.05747126436781609 0.04597701149425287 0.12643678160919541 
0.00946372239747634 0.01892744479495268 0.006309148264984227 0.006309148264984227 0.00946372239747634 0.00946372239747634 0.006309148264984227 0.006309148264984227 0.006309148264984227 0.006309148264984227 0.012618296529968454 0.015772870662460567 0.006309148264984227 0.8422712933753943 0.006309148264984227 0.006309148264984227 0.025236593059936908 
0.013628620102214651 0.02385008517887564 0.015332197614991482 0.0068143100511073255 0.015332197614991482 0.034071550255536626 0.02385008517887564 0.049403747870528106 0.0068143100511073255 0.02555366269165247 0.0034071550255536627 0.028960817717206135 0.01192504258943782 0.020442930153321975 0.017035775127768313 0.6882453151618398 0.015332197614991482 
0.014388489208633094 0.014388489208633094 0.02877697841726619 0.014388489208633094 0.014388489208633094 0.014388489208633094 0.014388489208633094 0.04316546762589928 0.02158273381294964 0.02877697841726619 0.05755395683453238 0.02877697841726619 0.08633093525179857 0.02877697841726619 0.02877697841726619 0.539568345323741 0.02158273381294964 
0.05063291139240506 0.0379746835443038 0.22784810126582278 0.08860759493670886 0.06329113924050633 0.0379746835443038 0.0379746835443038 0.0379746835443038 0.05063291139240506 0.02531645569620253 0.02531645569620253 0.0379746835443038 0.0379746835443038 0.0379746835443038 0.0379746835443038 0.02531645569620253 0.13924050632911392 
0.02830188679245283 0.05660377358490566 0.018867924528301886 0.03773584905660377 0.07547169811320754 0.018867924528301886 0.018867924528301886 0.018867924528301886 0.018867924528301886 0.018867924528301886 0.018867924528301886 0.5188679245283019 0.02830188679245283 0.018867924528301886 0.02830188679245283 0.03773584905660377 0.03773584905660377 
0.011363636363636364 0.6647727272727273 0.011363636363636364 0.022727272727272728 0.022727272727272728 0.017045454545454544 0.022727272727272728 0.011363636363636364 0.011363636363636364 0.022727272727272728 0.028409090909090908 0.017045454545454544 0.028409090909090908 0.022727272727272728 0.011363636363636364 0.022727272727272728 0.05113636363636364 
0.026785714285714284 0.10714285714285714 0.4107142857142857 0.044642857142857144 0.026785714285714284 0.03571428571428571 0.03571428571428571 0.017857142857142856 0.05357142857142857 0.026785714285714284 0.026785714285714284 0.05357142857142857 0.026785714285714284 0.017857142857142856 0.017857142857142856 0.026785714285714284 0.044642857142857144 
0.05970149253731343 0.05970149253731343 0.05970149253731343 0.04477611940298507 0.04477611940298507 0.05970149253731343 0.029850746268656716 0.05970149253731343 0.029850746268656716 0.13432835820895522 0.05970149253731343 0.1044776119402985 0.05970149253731343 0.07462686567164178 0.029850746268656716 0.04477611940298507 0.04477611940298507 
0.04201680672268908 0.07563025210084033 0.025210084033613446 0.09243697478991597 0.05042016806722689 0.05042016806722689 0.04201680672268908 0.01680672268907563 0.025210084033613446 0.09243697478991597 0.01680672268907563 0.15966386554621848 0.025210084033613446 0.058823529411764705 0.11764705882352941 0.04201680672268908 0.06722689075630252 
0.025974025974025976 0.025974025974025976 0.3116883116883117 0.025974025974025976 0.06493506493506493 0.03896103896103896 0.025974025974025976 0.025974025974025976 0.025974025974025976 0.06493506493506493 0.03896103896103896 0.12987012987012986 0.05194805194805195 0.025974025974025976 0.03896103896103896 0.025974025974025976 0.05194805194805195 
0.018518518518518517 0.024691358024691357 0.09259259259259259 0.09876543209876543 0.08024691358024691 0.037037037037037035 0.012345679012345678 0.024691358024691357 0.05555555555555555 0.10493827160493827 0.030864197530864196 0.1111111111111111 0.05555555555555555 0.05555555555555555 0.024691358024691357 0.05555555555555555 0.11728395061728394 
0.018518518518518517 0.033950617283950615 0.043209876543209874 0.024691358024691357 0.10185185185185185 0.027777777777777776 0.05555555555555555 0.012345679012345678 0.043209876543209874 0.10493827160493827 0.024691358024691357 0.2345679012345679 0.040123456790123455 0.10802469135802469 0.05555555555555555 0.006172839506172839 0.06481481481481481 
0.032520325203252036 0.04065040650406504 0.04065040650406504 0.04878048780487805 0.24390243902439024 0.04065040650406504 0.016260162601626018 0.032520325203252036 0.04878048780487805 0.06504065040650407 0.024390243902439025 0.04878048780487805 0.06504065040650407 0.056910569105691054 0.14634146341463414 0.032520325203252036 0.016260162601626018 
0.015748031496062992 0.015748031496062992 0.015748031496062992 0.023622047244094488 0.015748031496062992 0.015748031496062992 0.015748031496062992 0.015748031496062992 0.023622047244094488 0.015748031496062992 0.7086614173228346 0.015748031496062992 0.015748031496062992 0.015748031496062992 0.031496062992125984 0.015748031496062992 0.023622047244094488 
0.033707865168539325 0.056179775280898875 0.0449438202247191 0.4157303370786517 0.0449438202247191 0.02247191011235955 0.02247191011235955 0.02247191011235955 0.02247191011235955 0.033707865168539325 0.02247191011235955 0.033707865168539325 0.033707865168539325 0.033707865168539325 0.033707865168539325 0.033707865168539325 0.0898876404494382 
0.012048192771084338 0.012048192771084338 0.07630522088353414 0.05220883534136546 0.0321285140562249 0.012048192771084338 0.08032128514056225 0.5220883534136547 0.01606425702811245 0.01606425702811245 0.08433734939759036 0.01606425702811245 0.012048192771084338 0.008032128514056224 0.012048192771084338 0.008032128514056224 0.028112449799196786 
0.022222222222222223 0.037037037037037035 0.022222222222222223 0.037037037037037035 0.13333333333333333 0.0962962962962963 0.05185185185185185 0.014814814814814815 0.044444444444444446 0.02962962962962963 0.08148148148148149 0.07407407407407407 0.014814814814814815 0.044444444444444446 0.014814814814814815 0.014814814814814815 0.26666666666666666 
0.0017482517482517483 0.009615384615384616 0.005244755244755245 0.01048951048951049 0.011363636363636364 0.9082167832167832 0.0034965034965034965 0.0017482517482517483 0.0026223776223776225 0.011363636363636364 0.0017482517482517483 0.006993006993006993 0.0034965034965034965 0.005244755244755245 0.005244755244755245 0.0017482517482517483 0.009615384615384616 
0.03260869565217391 0.03260869565217391 0.09782608695652174 0.043478260869565216 0.043478260869565216 0.03260869565217391 0.021739130434782608 0.16304347826086957 0.09782608695652174 0.021739130434782608 0.09782608695652174 0.06521739130434782 0.07608695652173914 0.043478260869565216 0.07608695652173914 0.021739130434782608 0.03260869565217391 
0.03529411764705882 0.023529411764705882 0.047058823529411764 0.023529411764705882 0.4823529411764706 0.03529411764705882 0.023529411764705882 0.023529411764705882 0.023529411764705882 0.03529411764705882 0.03529411764705882 0.03529411764705882 0.023529411764705882 0.07058823529411765 0.03529411764705882 0.023529411764705882 0.023529411764705882 
0.8078817733990148 0.009852216748768473 0.009852216748768473 0.019704433497536946 0.014778325123152709 0.009852216748768473 0.009852216748768473 0.024630541871921183 0.009852216748768473 0.009852216748768473 0.009852216748768473 0.009852216748768473 0.009852216748768473 0.014778325123152709 0.009852216748768473 0.009852216748768473 0.009852216748768473 
0.022222222222222223 0.05555555555555555 0.2111111111111111 0.044444444444444446 0.06666666666666667 0.044444444444444446 0.03333333333333333 0.022222222222222223 0.05555555555555555 0.044444444444444446 0.044444444444444446 0.07777777777777778 0.03333333333333333 0.022222222222222223 0.03333333333333333 0.06666666666666667 0.12222222222222222 
0.06896551724137931 0.05172413793103448 0.06896551724137931 0.06896551724137931 0.08620689655172414 0.034482758620689655 0.034482758620689655 0.034482758620689655 0.034482758620689655 0.1206896551724138 0.05172413793103448 0.06896551724137931 0.034482758620689655 0.034482758620689655 0.08620689655172414 0.034482758620689655 0.08620689655172414 
0.008298755186721992 0.005532503457814661 0.005532503457814661 0.005532503457814661 0.011065006915629323 0.012448132780082987 0.005532503457814661 0.017980636237897647 0.8755186721991701 0.004149377593360996 0.004149377593360996 0.011065006915629323 0.004149377593360996 0.005532503457814661 0.0027662517289073307 0.0027662517289073307 0.017980636237897647 
0.014018691588785047 0.04205607476635514 0.014018691588785047 0.009345794392523364 0.19626168224299065 0.04205607476635514 0.014018691588785047 0.009345794392523364 0.028037383177570093 0.028037383177570093 0.03271028037383177 0.04205607476635514 0.037383177570093455 0.028037383177570093 0.43457943925233644 0.009345794392523364 0.018691588785046728 
0.0273972602739726 0.0547945205479452 0.0273972602739726 0.0821917808219178 0.2054794520547945 0.0958904109589041 0.0273972602739726 0.0273972602739726 0.0410958904109589 0.0684931506849315 0.0410958904109589 0.0410958904109589 0.0273972602739726 0.0821917808219178 0.0273972602739726 0.0273972602739726 0.0958904109589041 
0.014492753623188406 0.02608695652173913 0.782608695652174 0.005797101449275362 0.014492753623188406 0.005797101449275362 0.011594202898550725 0.005797101449275362 0.005797101449275362 0.005797101449275362 0.014492753623188406 0.020289855072463767 0.005797101449275362 0.011594202898550725 0.04927536231884058 0.011594202898550725 0.008695652173913044 
0.0125 0.75625 0.01875 0.01875 0.01875 0.01875 0.0125 0.0125 0.0125 0.0125 0.01875 0.0125 0.0125 0.01875 0.01875 0.0125 0.0125 
0.036585365853658534 0.024390243902439025 0.10975609756097561 0.024390243902439025 0.10975609756097561 0.06097560975609756 0.024390243902439025 0.024390243902439025 0.024390243902439025 0.036585365853658534 0.036585365853658534 0.024390243902439025 0.024390243902439025 0.024390243902439025 0.036585365853658534 0.024390243902439025 0.35365853658536583 
0.03361344537815126 0.01680672268907563 0.16806722689075632 0.03361344537815126 0.10084033613445378 0.04201680672268908 0.03361344537815126 0.01680672268907563 0.025210084033613446 0.12605042016806722 0.04201680672268908 0.05042016806722689 0.01680672268907563 0.058823529411764705 0.11764705882352941 0.03361344537815126 0.08403361344537816 
0.02142857142857143 0.05714285714285714 0.014285714285714285 0.02857142857142857 0.03571428571428571 0.05714285714285714 0.04285714285714286 0.014285714285714285 0.02857142857142857 0.05 0.02142857142857143 0.04285714285714286 0.05714285714285714 0.12142857142857143 0.02857142857142857 0.02142857142857143 0.35714285714285715 
0.029787234042553193 0.03829787234042553 0.029787234042553193 0.05106382978723404 0.07234042553191489 0.03404255319148936 0.02127659574468085 0.33617021276595743 0.029787234042553193 0.01276595744680851 0.059574468085106386 0.059574468085106386 0.05106382978723404 0.04680851063829787 0.04680851063829787 0.02127659574468085 0.059574468085106386 
0.027777777777777776 0.027777777777777776 0.06944444444444445 0.027777777777777776 0.05555555555555555 0.027777777777777776 0.041666666666666664 0.027777777777777776 0.041666666666666664 0.05555555555555555 0.1527777777777778 0.19444444444444445 0.041666666666666664 0.041666666666666664 0.08333333333333333 0.027777777777777776 0.05555555555555555 
0.02 0.1 0.05 0.15 0.14 0.03 0.03 0.04 0.03 0.04 0.03 0.11 0.03 0.02 0.04 0.02 0.12 
0.015748031496062992 0.015748031496062992 0.015748031496062992 0.015748031496062992 0.015748031496062992 0.015748031496062992 0.015748031496062992 0.015748031496062992 0.015748031496062992 0.015748031496062992 0.7322834645669292 0.015748031496062992 0.031496062992125984 0.015748031496062992 0.015748031496062992 0.015748031496062992 0.015748031496062992 
0.022058823529411766 0.08088235294117647 0.051470588235294115 0.058823529411764705 0.014705882352941176 0.03676470588235294 0.022058823529411766 0.014705882352941176 0.04411764705882353 0.022058823529411766 0.10294117647058823 0.23529411764705882 0.04411764705882353 0.04411764705882353 0.0661764705882353 0.022058823529411766 0.11764705882352941 
0.06896551724137931 0.09195402298850575 0.034482758620689655 0.04597701149425287 0.05747126436781609 0.05747126436781609 0.034482758620689655 0.022988505747126436 0.022988505747126436 0.05747126436781609 0.022988505747126436 0.10344827586206896 0.04597701149425287 0.05747126436781609 0.06896551724137931 0.06896551724137931 0.13793103448275862 
0.021505376344086023 0.021505376344086023 0.021505376344086023 0.6129032258064516 0.03225806451612903 0.021505376344086023 0.021505376344086023 0.03225806451612903 0.03225806451612903 0.021505376344086023 0.021505376344086023 0.021505376344086023 0.021505376344086023 0.03225806451612903 0.021505376344086023 0.021505376344086023 0.021505376344086023 
0.025974025974025976 0.025974025974025976 0.025974025974025976 0.05194805194805195 0.24675324675324675 0.03896103896103896 0.03896103896103896 0.025974025974025976 0.09090909090909091 0.025974025974025976 0.05194805194805195 0.03896103896103896 0.025974025974025976 0.05194805194805195 0.07792207792207792 0.025974025974025976 0.12987012987012986 
0.033707865168539325 0.033707865168539325 0.0449438202247191 0.0449438202247191 0.0898876404494382 0.06741573033707865 0.11235955056179775 0.0898876404494382 0.02247191011235955 0.02247191011235955 0.1348314606741573 0.033707865168539325 0.056179775280898875 0.02247191011235955 0.06741573033707865 0.06741573033707865 0.056179775280898875 
0.013888888888888888 0.05555555555555555 0.020833333333333332 0.08333333333333333 0.05555555555555555 0.041666666666666664 0.020833333333333332 0.013888888888888888 0.020833333333333332 0.1527777777777778 0.0625 0.08333333333333333 0.034722222222222224 0.041666666666666664 0.13194444444444445 0.020833333333333332 0.14583333333333334 
0.01910828025477707 0.10191082802547771 0.03184713375796178 0.012738853503184714 0.10828025477707007 0.07006369426751592 0.03821656050955414 0.012738853503184714 0.012738853503184714 0.03184713375796178 0.050955414012738856 0.20382165605095542 0.03184713375796178 0.05732484076433121 0.14012738853503184 0.012738853503184714 0.06369426751592357 
0.039473684210526314 0.14473684210526316 0.02631578947368421 0.039473684210526314 0.13157894736842105 0.02631578947368421 0.02631578947368421 0.02631578947368421 0.06578947368421052 0.02631578947368421 0.06578947368421052 0.02631578947368421 0.06578947368421052 0.06578947368421052 0.06578947368421052 0.02631578947368421 0.13157894736842105 
0.011976047904191617 0.09580838323353294 0.07784431137724551 0.023952095808383235 0.08383233532934131 0.05389221556886228 0.041916167664670656 0.011976047904191617 0.011976047904191617 0.09580838323353294 0.029940119760479042 0.15568862275449102 0.023952095808383235 0.12574850299401197 0.08383233532934131 0.029940119760479042 0.041916167664670656 
0.038834951456310676 0.05825242718446602 0.02912621359223301 0.07766990291262135 0.1262135922330097 0.08737864077669903 0.04854368932038835 0.019417475728155338 0.05825242718446602 0.05825242718446602 0.02912621359223301 0.05825242718446602 0.04854368932038835 0.11650485436893204 0.04854368932038835 0.06796116504854369 0.02912621359223301 
0.029411764705882353 0.029411764705882353 0.029411764705882353 0.029411764705882353 0.029411764705882353 0.029411764705882353 0.04411764705882353 0.029411764705882353 0.029411764705882353 0.029411764705882353 0.029411764705882353 0.029411764705882353 0.04411764705882353 0.029411764705882353 0.029411764705882353 0.029411764705882353 0.5 
0.02702702702702703 0.06756756756756757 0.05405405405405406 0.14864864864864866 0.08108108108108109 0.02702702702702703 0.04054054054054054 0.06756756756756757 0.02702702702702703 0.08108108108108109 0.02702702702702703 0.04054054054054054 0.06756756756756757 0.04054054054054054 0.10810810810810811 0.04054054054054054 0.05405405405405406 
0.06896551724137931 0.034482758620689655 0.1206896551724138 0.10344827586206896 0.05172413793103448 0.05172413793103448 0.06896551724137931 0.034482758620689655 0.05172413793103448 0.034482758620689655 0.034482758620689655 0.034482758620689655 0.06896551724137931 0.10344827586206896 0.034482758620689655 0.034482758620689655 0.06896551724137931 
0.04878048780487805 0.024390243902439025 0.04878048780487805 0.036585365853658534 0.036585365853658534 0.024390243902439025 0.024390243902439025 0.024390243902439025 0.036585365853658534 0.07317073170731707 0.036585365853658534 0.2682926829268293 0.024390243902439025 0.04878048780487805 0.07317073170731707 0.036585365853658534 0.13414634146341464 
0.029411764705882353 0.058823529411764705 0.07352941176470588 0.04411764705882353 0.029411764705882353 0.04411764705882353 0.029411764705882353 0.04411764705882353 0.04411764705882353 0.1323529411764706 0.07352941176470588 0.1323529411764706 0.04411764705882353 0.029411764705882353 0.04411764705882353 0.058823529411764705 0.08823529411764706 
0.014285714285714285 0.05238095238095238 0.04285714285714286 0.014285714285714285 0.48095238095238096 0.03333333333333333 0.01904761904761905 0.009523809523809525 0.01904761904761905 0.11904761904761904 0.0380952380952381 0.014285714285714285 0.014285714285714285 0.023809523809523808 0.0380952380952381 0.047619047619047616 0.01904761904761905 
0.022222222222222223 0.06666666666666667 0.06666666666666667 0.044444444444444446 0.2222222222222222 0.044444444444444446 0.022222222222222223 0.022222222222222223 0.044444444444444446 0.08888888888888889 0.05555555555555555 0.08888888888888889 0.022222222222222223 0.044444444444444446 0.05555555555555555 0.05555555555555555 0.03333333333333333 
0.0125 0.79375 0.01875 0.0125 0.0125 0.0125 0.0125 0.0125 0.0125 0.0125 0.0125 0.0125 0.0125 0.0125 0.0125 0.0125 0.0125 
0.031496062992125984 0.03937007874015748 0.03937007874015748 0.4566929133858268 0.03937007874015748 0.03937007874015748 0.015748031496062992 0.031496062992125984 0.031496062992125984 0.015748031496062992 0.023622047244094488 0.023622047244094488 0.08661417322834646 0.023622047244094488 0.031496062992125984 0.015748031496062992 0.05511811023622047 
0.038461538461538464 0.057692307692307696 0.038461538461538464 0.15384615384615385 0.07692307692307693 0.057692307692307696 0.057692307692307696 0.057692307692307696 0.038461538461538464 0.038461538461538464 0.038461538461538464 0.057692307692307696 0.07692307692307693 0.09615384615384616 0.038461538461538464 0.038461538461538464 0.038461538461538464 
0.038461538461538464 0.07692307692307693 0.019230769230769232 0.038461538461538464 0.057692307692307696 0.038461538461538464 0.019230769230769232 0.019230769230769232 0.11538461538461539 0.04807692307692308 0.17307692307692307 0.17307692307692307 0.019230769230769232 0.04807692307692308 0.019230769230769232 0.038461538461538464 0.057692307692307696 
0.010582010582010581 0.015873015873015872 0.010582010582010581 0.031746031746031744 0.2222222222222222 0.037037037037037035 0.021164021164021163 0.010582010582010581 0.010582010582010581 0.031746031746031744 0.015873015873015872 0.4074074074074074 0.026455026455026454 0.07936507936507936 0.031746031746031744 0.026455026455026454 0.010582010582010581 
0.022321428571428572 0.022321428571428572 0.03571428571428571 0.044642857142857144 0.09375 0.10714285714285714 0.044642857142857144 0.013392857142857142 0.026785714285714284 0.14285714285714285 0.017857142857142856 0.08928571428571429 0.022321428571428572 0.11607142857142858 0.09375 0.008928571428571428 0.09821428571428571 
0.03125 0.03125 0.078125 0.0625 0.046875 0.0625 0.03125 0.03125 0.03125 0.078125 0.03125 0.15625 0.03125 0.03125 0.03125 0.03125 0.203125 
0.04477611940298507 0.07462686567164178 0.029850746268656716 0.029850746268656716 0.08955223880597014 0.07462686567164178 0.04477611940298507 0.029850746268656716 0.029850746268656716 0.029850746268656716 0.13432835820895522 0.05970149253731343 0.04477611940298507 0.07462686567164178 0.13432835820895522 0.029850746268656716 0.04477611940298507 
0.02586206896551724 0.02586206896551724 0.5689655172413793 0.017241379310344827 0.04310344827586207 0.017241379310344827 0.017241379310344827 0.017241379310344827 0.017241379310344827 0.02586206896551724 0.017241379310344827 0.034482758620689655 0.017241379310344827 0.02586206896551724 0.04310344827586207 0.017241379310344827 0.06896551724137931 
0.0273972602739726 0.0410958904109589 0.0410958904109589 0.1232876712328767 0.1506849315068493 0.1506849315068493 0.0410958904109589 0.0273972602739726 0.0547945205479452 0.0273972602739726 0.0410958904109589 0.0273972602739726 0.0273972602739726 0.0410958904109589 0.1232876712328767 0.0273972602739726 0.0273972602739726 
0.04411764705882353 0.10294117647058823 0.04411764705882353 0.08823529411764706 0.04411764705882353 0.058823529411764705 0.029411764705882353 0.029411764705882353 0.029411764705882353 0.07352941176470588 0.08823529411764706 0.1323529411764706 0.058823529411764705 0.04411764705882353 0.029411764705882353 0.07352941176470588 0.029411764705882353 
0.03418803418803419 0.06837606837606838 0.042735042735042736 0.06837606837606838 0.1623931623931624 0.1111111111111111 0.017094017094017096 0.02564102564102564 0.03418803418803419 0.02564102564102564 0.042735042735042736 0.11965811965811966 0.03418803418803419 0.042735042735042736 0.03418803418803419 0.03418803418803419 0.10256410256410256 
0.07575757575757576 0.16666666666666666 0.09090909090909091 0.030303030303030304 0.045454545454545456 0.045454545454545456 0.030303030303030304 0.045454545454545456 0.07575757575757576 0.06060606060606061 0.045454545454545456 0.045454545454545456 0.030303030303030304 0.06060606060606061 0.045454545454545456 0.030303030303030304 0.07575757575757576 
0.031746031746031744 0.031746031746031744 0.031746031746031744 0.031746031746031744 0.07936507936507936 0.047619047619047616 0.047619047619047616 0.031746031746031744 0.047619047619047616 0.1111111111111111 0.1111111111111111 0.15873015873015872 0.031746031746031744 0.047619047619047616 0.09523809523809523 0.031746031746031744 0.031746031746031744 
0.041237113402061855 0.020618556701030927 0.020618556701030927 0.041237113402061855 0.08247422680412371 0.020618556701030927 0.05154639175257732 0.020618556701030927 0.05154639175257732 0.030927835051546393 0.041237113402061855 0.020618556701030927 0.422680412371134 0.020618556701030927 0.041237113402061855 0.05154639175257732 0.020618556701030927 
0.027777777777777776 0.027777777777777776 0.06944444444444445 0.027777777777777776 0.2777777777777778 0.027777777777777776 0.041666666666666664 0.027777777777777776 0.08333333333333333 0.06944444444444445 0.027777777777777776 0.05555555555555555 0.041666666666666664 0.041666666666666664 0.027777777777777776 0.027777777777777776 0.09722222222222222 
0.05333333333333334 0.04 0.04 0.10666666666666667 0.25333333333333335 0.08 0.05333333333333334 0.04 0.02666666666666667 0.06666666666666667 0.02666666666666667 0.04 0.02666666666666667 0.02666666666666667 0.04 0.02666666666666667 0.05333333333333334 
0.019756838905775075 0.04559270516717325 0.013677811550151976 0.022796352583586626 0.06231003039513678 0.0486322188449848 0.0668693009118541 0.3860182370820669 0.019756838905775075 0.015197568389057751 0.019756838905775075 0.09574468085106383 0.06534954407294832 0.00911854103343465 0.08054711246200608 0.013677811550151976 0.015197568389057751 
0.03125 0.013392857142857142 0.026785714285714284 0.04017857142857143 0.017857142857142856 0.013392857142857142 0.03571428571428571 0.4955357142857143 0.03125 0.026785714285714284 0.008928571428571428 0.18303571428571427 0.017857142857142856 0.008928571428571428 0.022321428571428572 0.013392857142857142 0.013392857142857142 
0.025 0.025 0.016666666666666666 0.13333333333333333 0.14166666666666666 0.058333333333333334 0.025 0.03333333333333333 0.05 0.075 0.041666666666666664 0.08333333333333333 0.025 0.058333333333333334 0.09166666666666666 0.016666666666666666 0.1 
0.028169014084507043 0.04225352112676056 0.09859154929577464 0.056338028169014086 0.09859154929577464 0.056338028169014086 0.04225352112676056 0.04225352112676056 0.04225352112676056 0.07042253521126761 0.04225352112676056 0.07042253521126761 0.056338028169014086 0.028169014084507043 0.08450704225352113 0.028169014084507043 0.11267605633802817 
0.02027027027027027 0.08783783783783784 0.05405405405405406 0.033783783783783786 0.22972972972972974 0.0472972972972973 0.02702702702702703 0.013513513513513514 0.02702702702702703 0.02702702702702703 0.033783783783783786 0.14189189189189189 0.02027027027027027 0.02027027027027027 0.05405405405405406 0.013513513513513514 0.14864864864864866 
0.05333333333333334 0.02666666666666667 0.04 0.04 0.08 0.08 0.02666666666666667 0.04 0.10666666666666667 0.08 0.06666666666666667 0.05333333333333334 0.02666666666666667 0.04 0.10666666666666667 0.04 0.09333333333333334 
0.0125 0.775 0.0125 0.0125 0.0125 0.0125 0.0125 0.0125 0.0125 0.0125 0.0125 0.0125 0.0125 0.03125 0.0125 0.0125 0.01875 
0.03225806451612903 0.03225806451612903 0.043010752688172046 0.03225806451612903 0.45161290322580644 0.043010752688172046 0.021505376344086023 0.021505376344086023 0.021505376344086023 0.06451612903225806 0.021505376344086023 0.053763440860215055 0.03225806451612903 0.021505376344086023 0.053763440860215055 0.03225806451612903 0.021505376344086023 
0.03225806451612903 0.03225806451612903 0.03225806451612903 0.03225806451612903 0.03225806451612903 0.03225806451612903 0.03225806451612903 0.03225806451612903 0.16129032258064516 0.11290322580645161 0.04838709677419355 0.03225806451612903 0.04838709677419355 0.08064516129032258 0.1774193548387097 0.03225806451612903 0.04838709677419355 
0.034482758620689655 0.05172413793103448 0.08620689655172414 0.05172413793103448 0.06896551724137931 0.05172413793103448 0.034482758620689655 0.034482758620689655 0.034482758620689655 0.10344827586206896 0.06896551724137931 0.10344827586206896 0.034482758620689655 0.05172413793103448 0.10344827586206896 0.034482758620689655 0.05172413793103448 
0.01910828025477707 0.012738853503184714 0.012738853503184714 0.5796178343949044 0.08917197452229299 0.012738853503184714 0.012738853503184714 0.012738853503184714 0.01910828025477707 0.01910828025477707 0.012738853503184714 0.012738853503184714 0.012738853503184714 0.03184713375796178 0.025477707006369428 0.01910828025477707 0.09554140127388536 
0.04 0.08 0.05333333333333334 0.04 0.10666666666666667 0.02666666666666667 0.04 0.02666666666666667 0.04 0.05333333333333334 0.04 0.06666666666666667 0.18666666666666668 0.05333333333333334 0.05333333333333334 0.04 0.05333333333333334 
0.037037037037037035 0.037037037037037035 0.2222222222222222 0.09876543209876543 0.024691358024691357 0.04938271604938271 0.024691358024691357 0.024691358024691357 0.04938271604938271 0.06172839506172839 0.08641975308641975 0.024691358024691357 0.037037037037037035 0.04938271604938271 0.07407407407407407 0.024691358024691357 0.07407407407407407 
0.06060606060606061 0.045454545454545456 0.045454545454545456 0.045454545454545456 0.25757575757575757 0.045454545454545456 0.045454545454545456 0.045454545454545456 0.045454545454545456 0.06060606060606061 0.045454545454545456 0.045454545454545456 0.030303030303030304 0.045454545454545456 0.06060606060606061 0.045454545454545456 0.030303030303030304 
0.04918032786885246 0.03278688524590164 0.04918032786885246 0.09836065573770492 0.2459016393442623 0.04918032786885246 0.06557377049180328 0.04918032786885246 0.06557377049180328 0.03278688524590164 0.03278688524590164 0.03278688524590164 0.03278688524590164 0.03278688524590164 0.06557377049180328 0.03278688524590164 0.03278688524590164 
0.03333333333333333 0.016666666666666666 0.05 0.4 0.075 0.058333333333333334 0.041666666666666664 0.016666666666666666 0.016666666666666666 0.06666666666666667 0.016666666666666666 0.041666666666666664 0.025 0.058333333333333334 0.025 0.041666666666666664 0.016666666666666666 
0.02040816326530612 0.02040816326530612 0.02040816326530612 0.061224489795918366 0.030612244897959183 0.02040816326530612 0.02040816326530612 0.02040816326530612 0.04081632653061224 0.42857142857142855 0.10204081632653061 0.030612244897959183 0.04081632653061224 0.04081632653061224 0.02040816326530612 0.02040816326530612 0.061224489795918366 
0.041237113402061855 0.041237113402061855 0.030927835051546393 0.15463917525773196 0.05154639175257732 0.05154639175257732 0.020618556701030927 0.030927835051546393 0.041237113402061855 0.07216494845360824 0.07216494845360824 0.030927835051546393 0.030927835051546393 0.09278350515463918 0.05154639175257732 0.05154639175257732 0.13402061855670103 
0.03225806451612903 0.04838709677419355 0.03225806451612903 0.08064516129032258 0.20967741935483872 0.03225806451612903 0.03225806451612903 0.03225806451612903 0.03225806451612903 0.04838709677419355 0.03225806451612903 0.0967741935483871 0.04838709677419355 0.03225806451612903 0.08064516129032258 0.08064516129032258 0.04838709677419355 
0.030534351145038167 0.05343511450381679 0.03816793893129771 0.11450381679389313 0.1297709923664122 0.061068702290076333 0.04580152671755725 0.015267175572519083 0.022900763358778626 0.03816793893129771 0.04580152671755725 0.09923664122137404 0.022900763358778626 0.0916030534351145 0.09923664122137404 0.04580152671755725 0.04580152671755725 
0.07058823529411765 0.03529411764705882 0.058823529411764705 0.047058823529411764 0.07058823529411765 0.047058823529411764 0.023529411764705882 0.023529411764705882 0.023529411764705882 0.058823529411764705 0.058823529411764705 0.21176470588235294 0.058823529411764705 0.023529411764705882 0.03529411764705882 0.023529411764705882 0.12941176470588237 
0.03529411764705882 0.01568627450980392 0.0392156862745098 0.03137254901960784 0.0392156862745098 0.011764705882352941 0.16470588235294117 0.4196078431372549 0.01568627450980392 0.01568627450980392 0.011764705882352941 0.058823529411764705 0.011764705882352941 0.0196078431372549 0.047058823529411764 0.00784313725490196 0.054901960784313725 
0.0273972602739726 0.0547945205479452 0.0821917808219178 0.0273972602739726 0.3561643835616438 0.0273972602739726 0.0273972602739726 0.0273972602739726 0.0410958904109589 0.0273972602739726 0.0547945205479452 0.0410958904109589 0.0273972602739726 0.0410958904109589 0.0273972602739726 0.0410958904109589 0.0684931506849315 
0.773109243697479 0.02100840336134454 0.008403361344537815 0.02100840336134454 0.008403361344537815 0.012605042016806723 0.025210084033613446 0.008403361344537815 0.012605042016806723 0.025210084033613446 0.012605042016806723 0.02100840336134454 0.008403361344537815 0.012605042016806723 0.008403361344537815 0.008403361344537815 0.012605042016806723 
0.02830188679245283 0.02830188679245283 0.018867924528301886 0.07547169811320754 0.20754716981132076 0.03773584905660377 0.018867924528301886 0.018867924528301886 0.10377358490566038 0.05660377358490566 0.02830188679245283 0.018867924528301886 0.08490566037735849 0.04716981132075472 0.02830188679245283 0.04716981132075472 0.1509433962264151 
0.06993006993006994 0.04895104895104895 0.06293706293706294 0.17482517482517482 0.16083916083916083 0.013986013986013986 0.02097902097902098 0.013986013986013986 0.03496503496503497 0.04895104895104895 0.055944055944055944 0.027972027972027972 0.08391608391608392 0.07692307692307693 0.013986013986013986 0.04895104895104895 0.04195804195804196 
0.014084507042253521 0.014084507042253521 0.028169014084507043 0.04225352112676056 0.014084507042253521 0.028169014084507043 0.028169014084507043 0.647887323943662 0.02112676056338028 0.014084507042253521 0.056338028169014086 0.014084507042253521 0.014084507042253521 0.014084507042253521 0.014084507042253521 0.02112676056338028 0.014084507042253521 
0.025 0.041666666666666664 0.05 0.058333333333333334 0.025 0.05 0.041666666666666664 0.025 0.05 0.10833333333333334 0.016666666666666666 0.2 0.13333333333333333 0.03333333333333333 0.05 0.041666666666666664 0.05 
0.010309278350515464 0.010309278350515464 0.010309278350515464 0.010309278350515464 0.010309278350515464 0.015463917525773196 0.010309278350515464 0.010309278350515464 0.010309278350515464 0.010309278350515464 0.8092783505154639 0.010309278350515464 0.010309278350515464 0.015463917525773196 0.015463917525773196 0.010309278350515464 0.020618556701030927 
0.034482758620689655 0.034482758620689655 0.06896551724137931 0.10344827586206896 0.06896551724137931 0.10344827586206896 0.034482758620689655 0.06896551724137931 0.10344827586206896 0.05172413793103448 0.05172413793103448 0.034482758620689655 0.034482758620689655 0.034482758620689655 0.10344827586206896 0.034482758620689655 0.034482758620689655 
0.029411764705882353 0.029411764705882353 0.029411764705882353 0.0392156862745098 0.3137254901960784 0.058823529411764705 0.0196078431372549 0.0196078431372549 0.06862745098039216 0.0784313725490196 0.058823529411764705 0.058823529411764705 0.0196078431372549 0.0392156862745098 0.0784313725490196 0.0196078431372549 0.0392156862745098 
0.023529411764705882 0.09411764705882353 0.03529411764705882 0.07058823529411765 0.07058823529411765 0.07058823529411765 0.058823529411764705 0.023529411764705882 0.023529411764705882 0.09411764705882353 0.07058823529411765 0.08235294117647059 0.047058823529411764 0.03529411764705882 0.03529411764705882 0.023529411764705882 0.1411764705882353 
0.04 0.08 0.04 0.05333333333333334 0.13333333333333333 0.04 0.02666666666666667 0.05333333333333334 0.04 0.02666666666666667 0.04 0.08 0.02666666666666667 0.14666666666666667 0.02666666666666667 0.05333333333333334 0.09333333333333334 
0.0125 0.775 0.0125 0.0125 0.0125 0.0125 0.0125 0.0125 0.01875 0.01875 0.0125 0.0125 0.0125 0.0125 0.01875 0.0125 0.01875 
