0.041666666666666664 0.027777777777777776 0.06944444444444445 0.06944444444444445 0.041666666666666664 0.06944444444444445 0.041666666666666664 0.027777777777777776 0.05555555555555555 0.05555555555555555 0.08333333333333333 0.041666666666666664 0.05555555555555555 0.1111111111111111 0.1111111111111111 0.027777777777777776 0.06944444444444445 
0.041666666666666664 0.027777777777777776 0.027777777777777776 0.027777777777777776 0.027777777777777776 0.027777777777777776 0.027777777777777776 0.027777777777777776 0.041666666666666664 0.5 0.027777777777777776 0.027777777777777776 0.027777777777777776 0.027777777777777776 0.05555555555555555 0.027777777777777776 0.027777777777777776 
0.04054054054054054 0.05405405405405406 0.04054054054054054 0.04054054054054054 0.2972972972972973 0.06756756756756757 0.02702702702702703 0.02702702702702703 0.02702702702702703 0.02702702702702703 0.02702702702702703 0.0945945945945946 0.05405405405405406 0.05405405405405406 0.02702702702702703 0.02702702702702703 0.06756756756756757 
0.046153846153846156 0.03076923076923077 0.03076923076923077 0.06153846153846154 0.03076923076923077 0.06153846153846154 0.03076923076923077 0.03076923076923077 0.06153846153846154 0.03076923076923077 0.12307692307692308 0.2 0.06153846153846154 0.09230769230769231 0.03076923076923077 0.046153846153846156 0.03076923076923077 
0.03125 0.03125 0.03125 0.09375 0.07291666666666667 0.041666666666666664 0.020833333333333332 0.020833333333333332 0.0625 0.11458333333333333 0.10416666666666667 0.020833333333333332 0.09375 0.020833333333333332 0.052083333333333336 0.03125 0.15625 
0.03278688524590164 0.08196721311475409 0.04918032786885246 0.03278688524590164 0.04918032786885246 0.06557377049180328 0.04918032786885246 0.04918032786885246 0.03278688524590164 0.2786885245901639 0.03278688524590164 0.04918032786885246 0.03278688524590164 0.06557377049180328 0.03278688524590164 0.03278688524590164 0.03278688524590164 
0.029850746268656716 0.04477611940298507 0.08955223880597014 0.07462686567164178 0.029850746268656716 0.029850746268656716 0.04477611940298507 0.04477611940298507 0.04477611940298507 0.05970149253731343 0.05970149253731343 0.029850746268656716 0.029850746268656716 0.08955223880597014 0.16417910447761194 0.029850746268656716 0.1044776119402985 
0.024390243902439025 0.024390243902439025 0.07317073170731707 0.04878048780487805 0.12195121951219512 0.04878048780487805 0.024390243902439025 0.024390243902439025 0.036585365853658534 0.036585365853658534 0.08536585365853659 0.07317073170731707 0.04878048780487805 0.07317073170731707 0.12195121951219512 0.024390243902439025 0.10975609756097561 
0.0375 0.075 0.05 0.0375 0.1125 0.0375 0.0375 0.025 0.025 0.025 0.075 0.025 0.075 0.025 0.1875 0.0375 0.1125 
0.03260869565217391 0.021739130434782608 0.03260869565217391 0.043478260869565216 0.14130434782608695 0.021739130434782608 0.021739130434782608 0.03260869565217391 0.03260869565217391 0.34782608695652173 0.08695652173913043 0.021739130434782608 0.03260869565217391 0.03260869565217391 0.03260869565217391 0.03260869565217391 0.03260869565217391 
0.03787878787878788 0.045454545454545456 0.022727272727272728 0.022727272727272728 0.015151515151515152 0.015151515151515152 0.045454545454545456 0.48484848484848486 0.015151515151515152 0.022727272727272728 0.06818181818181818 0.015151515151515152 0.015151515151515152 0.030303030303030304 0.015151515151515152 0.08333333333333333 0.045454545454545456 
0.029850746268656716 0.05970149253731343 0.029850746268656716 0.1791044776119403 0.05970149253731343 0.07462686567164178 0.029850746268656716 0.029850746268656716 0.04477611940298507 0.04477611940298507 0.08955223880597014 0.029850746268656716 0.07462686567164178 0.08955223880597014 0.05970149253731343 0.029850746268656716 0.04477611940298507 
0.041666666666666664 0.026041666666666668 0.010416666666666666 0.036458333333333336 0.052083333333333336 0.015625 0.015625 0.078125 0.0625 0.0625 0.3177083333333333 0.09375 0.052083333333333336 0.03125 0.046875 0.010416666666666666 0.046875 
0.042105263157894736 0.05263157894736842 0.021052631578947368 0.042105263157894736 0.05263157894736842 0.031578947368421054 0.021052631578947368 0.08421052631578947 0.031578947368421054 0.042105263157894736 0.25263157894736843 0.031578947368421054 0.08421052631578947 0.06315789473684211 0.08421052631578947 0.042105263157894736 0.021052631578947368 
0.06521739130434782 0.043478260869565216 0.06521739130434782 0.06521739130434782 0.043478260869565216 0.06521739130434782 0.06521739130434782 0.043478260869565216 0.043478260869565216 0.08695652173913043 0.06521739130434782 0.043478260869565216 0.08695652173913043 0.06521739130434782 0.06521739130434782 0.043478260869565216 0.043478260869565216 
0.044444444444444446 0.044444444444444446 0.044444444444444446 0.06666666666666667 0.044444444444444446 0.08888888888888889 0.06666666666666667 0.044444444444444446 0.044444444444444446 0.08888888888888889 0.08888888888888889 0.044444444444444446 0.08888888888888889 0.06666666666666667 0.044444444444444446 0.044444444444444446 0.044444444444444446 
0.037037037037037035 0.037037037037037035 0.037037037037037035 0.07407407407407407 0.07407407407407407 0.037037037037037035 0.05555555555555555 0.037037037037037035 0.037037037037037035 0.037037037037037035 0.05555555555555555 0.09259259259259259 0.09259259259259259 0.07407407407407407 0.1111111111111111 0.037037037037037035 0.07407407407407407 
0.16753926701570682 0.020942408376963352 0.05759162303664921 0.06282722513089005 0.010471204188481676 0.05759162303664921 0.05235602094240838 0.010471204188481676 0.03664921465968586 0.16230366492146597 0.1256544502617801 0.020942408376963352 0.03664921465968586 0.03664921465968586 0.015706806282722512 0.02617801047120419 0.09947643979057591 
0.0375 0.0625 0.025 0.05 0.0375 0.075 0.0375 0.025 0.05 0.125 0.0375 0.175 0.025 0.0625 0.075 0.0375 0.0625 
0.06382978723404255 0.0425531914893617 0.06382978723404255 0.0425531914893617 0.0425531914893617 0.06382978723404255 0.0425531914893617 0.0425531914893617 0.0425531914893617 0.23404255319148937 0.0425531914893617 0.0425531914893617 0.06382978723404255 0.0425531914893617 0.0425531914893617 0.0425531914893617 0.0425531914893617 
0.041666666666666664 0.0625 0.041666666666666664 0.0625 0.041666666666666664 0.08333333333333333 0.041666666666666664 0.041666666666666664 0.041666666666666664 0.14583333333333334 0.0625 0.0625 0.0625 0.041666666666666664 0.0625 0.0625 0.041666666666666664 
0.04 0.06 0.04 0.04 0.04 0.04 0.04 0.04 0.08 0.24 0.04 0.04 0.06 0.04 0.06 0.04 0.06 
0.05 0.05 0.05 0.05 0.05 0.05 0.05 0.05 0.05 0.05 0.075 0.05 0.05 0.15 0.05 0.075 0.05 
0.06557377049180328 0.06557377049180328 0.04918032786885246 0.11475409836065574 0.04918032786885246 0.03278688524590164 0.03278688524590164 0.03278688524590164 0.03278688524590164 0.06557377049180328 0.04918032786885246 0.03278688524590164 0.04918032786885246 0.04918032786885246 0.21311475409836064 0.03278688524590164 0.03278688524590164 
0.05263157894736842 0.03508771929824561 0.03508771929824561 0.03508771929824561 0.17543859649122806 0.03508771929824561 0.03508771929824561 0.03508771929824561 0.03508771929824561 0.03508771929824561 0.05263157894736842 0.05263157894736842 0.03508771929824561 0.07017543859649122 0.10526315789473684 0.03508771929824561 0.14035087719298245 
0.046153846153846156 0.03076923076923077 0.046153846153846156 0.046153846153846156 0.06153846153846154 0.046153846153846156 0.03076923076923077 0.03076923076923077 0.06153846153846154 0.046153846153846156 0.03076923076923077 0.07692307692307693 0.03076923076923077 0.03076923076923077 0.2923076923076923 0.03076923076923077 0.06153846153846154 
0.038461538461538464 0.038461538461538464 0.02564102564102564 0.02564102564102564 0.02564102564102564 0.02564102564102564 0.038461538461538464 0.11538461538461539 0.038461538461538464 0.038461538461538464 0.02564102564102564 0.02564102564102564 0.038461538461538464 0.038461538461538464 0.38461538461538464 0.038461538461538464 0.038461538461538464 
0.06153846153846154 0.03076923076923077 0.046153846153846156 0.09230769230769231 0.03076923076923077 0.03076923076923077 0.03076923076923077 0.03076923076923077 0.03076923076923077 0.12307692307692308 0.03076923076923077 0.12307692307692308 0.03076923076923077 0.09230769230769231 0.06153846153846154 0.03076923076923077 0.12307692307692308 
0.03389830508474576 0.05084745762711865 0.03389830508474576 0.05084745762711865 0.1016949152542373 0.03389830508474576 0.03389830508474576 0.03389830508474576 0.03389830508474576 0.05084745762711865 0.03389830508474576 0.03389830508474576 0.05084745762711865 0.05084745762711865 0.23728813559322035 0.03389830508474576 0.1016949152542373 
0.0379746835443038 0.0379746835443038 0.05063291139240506 0.02531645569620253 0.20253164556962025 0.06329113924050633 0.02531645569620253 0.0379746835443038 0.0379746835443038 0.06329113924050633 0.02531645569620253 0.11392405063291139 0.0759493670886076 0.0379746835443038 0.08860759493670886 0.0379746835443038 0.0379746835443038 
0.037037037037037035 0.037037037037037035 0.037037037037037035 0.05555555555555555 0.07407407407407407 0.09259259259259259 0.037037037037037035 0.037037037037037035 0.037037037037037035 0.05555555555555555 0.037037037037037035 0.12962962962962962 0.037037037037037035 0.07407407407407407 0.05555555555555555 0.037037037037037035 0.12962962962962962 
0.05172413793103448 0.05172413793103448 0.034482758620689655 0.08620689655172414 0.08620689655172414 0.05172413793103448 0.034482758620689655 0.034482758620689655 0.034482758620689655 0.034482758620689655 0.06896551724137931 0.08620689655172414 0.034482758620689655 0.05172413793103448 0.1206896551724138 0.034482758620689655 0.10344827586206896 
0.045454545454545456 0.045454545454545456 0.045454545454545456 0.09090909090909091 0.045454545454545456 0.045454545454545456 0.045454545454545456 0.045454545454545456 0.045454545454545456 0.06818181818181818 0.045454545454545456 0.09090909090909091 0.06818181818181818 0.045454545454545456 0.13636363636363635 0.045454545454545456 0.045454545454545456 
0.02857142857142857 0.02857142857142857 0.02142857142857143 0.07142857142857142 0.09285714285714286 0.15714285714285714 0.02142857142857143 0.014285714285714285 0.02857142857142857 0.04285714285714286 0.02142857142857143 0.10714285714285714 0.02142857142857143 0.06428571428571428 0.10714285714285714 0.03571428571428571 0.1357142857142857 
0.025974025974025976 0.06493506493506493 0.025974025974025976 0.025974025974025976 0.35064935064935066 0.025974025974025976 0.025974025974025976 0.025974025974025976 0.025974025974025976 0.025974025974025976 0.025974025974025976 0.05194805194805195 0.03896103896103896 0.06493506493506493 0.07792207792207792 0.025974025974025976 0.09090909090909091 
0.0273972602739726 0.0273972602739726 0.0273972602739726 0.0273972602739726 0.0958904109589041 0.0547945205479452 0.0273972602739726 0.0273972602739726 0.0273972602739726 0.0273972602739726 0.0410958904109589 0.0273972602739726 0.0684931506849315 0.0273972602739726 0.3835616438356164 0.0273972602739726 0.0547945205479452 
0.02531645569620253 0.0379746835443038 0.0379746835443038 0.05063291139240506 0.05063291139240506 0.02531645569620253 0.02531645569620253 0.02531645569620253 0.02531645569620253 0.0379746835443038 0.02531645569620253 0.02531645569620253 0.0379746835443038 0.05063291139240506 0.43037974683544306 0.02531645569620253 0.06329113924050633 
0.03225806451612903 0.03225806451612903 0.04838709677419355 0.04838709677419355 0.08064516129032258 0.06451612903225806 0.03225806451612903 0.03225806451612903 0.03225806451612903 0.04838709677419355 0.06451612903225806 0.03225806451612903 0.03225806451612903 0.03225806451612903 0.27419354838709675 0.03225806451612903 0.08064516129032258 
0.05263157894736842 0.03508771929824561 0.10526315789473684 0.03508771929824561 0.07017543859649122 0.03508771929824561 0.05263157894736842 0.03508771929824561 0.03508771929824561 0.03508771929824561 0.03508771929824561 0.03508771929824561 0.05263157894736842 0.03508771929824561 0.17543859649122806 0.03508771929824561 0.14035087719298245 
0.045454545454545456 0.045454545454545456 0.030303030303030304 0.030303030303030304 0.045454545454545456 0.045454545454545456 0.045454545454545456 0.045454545454545456 0.030303030303030304 0.045454545454545456 0.045454545454545456 0.045454545454545456 0.030303030303030304 0.030303030303030304 0.3333333333333333 0.030303030303030304 0.07575757575757576 
0.06557377049180328 0.04918032786885246 0.03278688524590164 0.04918032786885246 0.06557377049180328 0.03278688524590164 0.03278688524590164 0.03278688524590164 0.03278688524590164 0.06557377049180328 0.03278688524590164 0.04918032786885246 0.04918032786885246 0.06557377049180328 0.2786885245901639 0.03278688524590164 0.03278688524590164 
0.04225352112676056 0.028169014084507043 0.028169014084507043 0.04225352112676056 0.08450704225352113 0.056338028169014086 0.028169014084507043 0.028169014084507043 0.028169014084507043 0.056338028169014086 0.028169014084507043 0.056338028169014086 0.04225352112676056 0.04225352112676056 0.19718309859154928 0.04225352112676056 0.16901408450704225 
0.047619047619047616 0.031746031746031744 0.047619047619047616 0.047619047619047616 0.031746031746031744 0.031746031746031744 0.031746031746031744 0.031746031746031744 0.031746031746031744 0.047619047619047616 0.031746031746031744 0.047619047619047616 0.031746031746031744 0.047619047619047616 0.36507936507936506 0.047619047619047616 0.047619047619047616 
0.06976744186046512 0.046511627906976744 0.06976744186046512 0.06976744186046512 0.046511627906976744 0.09302325581395349 0.046511627906976744 0.046511627906976744 0.09302325581395349 0.046511627906976744 0.046511627906976744 0.06976744186046512 0.046511627906976744 0.046511627906976744 0.046511627906976744 0.06976744186046512 0.046511627906976744 
0.05454545454545454 0.03636363636363636 0.03636363636363636 0.03636363636363636 0.09090909090909091 0.03636363636363636 0.05454545454545454 0.05454545454545454 0.03636363636363636 0.12727272727272726 0.03636363636363636 0.07272727272727272 0.09090909090909091 0.07272727272727272 0.03636363636363636 0.05454545454545454 0.07272727272727272 
0.08235294117647059 0.047058823529411764 0.03529411764705882 0.03529411764705882 0.058823529411764705 0.10588235294117647 0.047058823529411764 0.058823529411764705 0.09411764705882353 0.023529411764705882 0.08235294117647059 0.023529411764705882 0.058823529411764705 0.12941176470588237 0.047058823529411764 0.03529411764705882 0.03529411764705882 
0.03125 0.0625 0.03125 0.109375 0.03125 0.140625 0.03125 0.03125 0.03125 0.03125 0.03125 0.0625 0.171875 0.03125 0.03125 0.03125 0.109375 
0.0410958904109589 0.0273972602739726 0.0410958904109589 0.1506849315068493 0.1095890410958904 0.0684931506849315 0.0273972602739726 0.0273972602739726 0.0410958904109589 0.0410958904109589 0.0958904109589041 0.0958904109589041 0.0273972602739726 0.0958904109589041 0.0410958904109589 0.0410958904109589 0.0273972602739726 
0.027210884353741496 0.027210884353741496 0.027210884353741496 0.013605442176870748 0.14965986394557823 0.013605442176870748 0.02040816326530612 0.02040816326530612 0.034013605442176874 0.061224489795918366 0.07482993197278912 0.04081632653061224 0.05442176870748299 0.013605442176870748 0.06802721088435375 0.3129251700680272 0.04081632653061224 
0.023809523809523808 0.023809523809523808 0.023809523809523808 0.03571428571428571 0.4880952380952381 0.047619047619047616 0.023809523809523808 0.023809523809523808 0.03571428571428571 0.023809523809523808 0.023809523809523808 0.023809523809523808 0.023809523809523808 0.047619047619047616 0.023809523809523808 0.023809523809523808 0.08333333333333333 
0.038461538461538464 0.05128205128205128 0.02564102564102564 0.038461538461538464 0.3717948717948718 0.07692307692307693 0.02564102564102564 0.02564102564102564 0.02564102564102564 0.038461538461538464 0.02564102564102564 0.02564102564102564 0.038461538461538464 0.07692307692307693 0.05128205128205128 0.02564102564102564 0.038461538461538464 
0.03389830508474576 0.05084745762711865 0.03389830508474576 0.06779661016949153 0.13559322033898305 0.1694915254237288 0.05084745762711865 0.03389830508474576 0.05084745762711865 0.05084745762711865 0.03389830508474576 0.03389830508474576 0.05084745762711865 0.05084745762711865 0.05084745762711865 0.06779661016949153 0.03389830508474576 
0.06976744186046512 0.03488372093023256 0.03488372093023256 0.08139534883720931 0.06976744186046512 0.20930232558139536 0.023255813953488372 0.023255813953488372 0.03488372093023256 0.08139534883720931 0.06976744186046512 0.05813953488372093 0.046511627906976744 0.03488372093023256 0.05813953488372093 0.046511627906976744 0.023255813953488372 
0.046153846153846156 0.06153846153846154 0.046153846153846156 0.03076923076923077 0.07692307692307693 0.23076923076923078 0.06153846153846154 0.06153846153846154 0.03076923076923077 0.046153846153846156 0.03076923076923077 0.06153846153846154 0.046153846153846156 0.046153846153846156 0.046153846153846156 0.03076923076923077 0.046153846153846156 
0.046153846153846156 0.03076923076923077 0.03076923076923077 0.046153846153846156 0.06153846153846154 0.2 0.06153846153846154 0.03076923076923077 0.06153846153846154 0.03076923076923077 0.06153846153846154 0.09230769230769231 0.03076923076923077 0.06153846153846154 0.06153846153846154 0.046153846153846156 0.046153846153846156 
0.014925373134328358 0.07462686567164178 0.014925373134328358 0.029850746268656716 0.1044776119402985 0.4701492537313433 0.029850746268656716 0.014925373134328358 0.022388059701492536 0.022388059701492536 0.014925373134328358 0.05970149253731343 0.014925373134328358 0.03731343283582089 0.03731343283582089 0.022388059701492536 0.014925373134328358 
0.023529411764705882 0.023529411764705882 0.07058823529411765 0.023529411764705882 0.16470588235294117 0.4117647058823529 0.03529411764705882 0.023529411764705882 0.023529411764705882 0.023529411764705882 0.03529411764705882 0.023529411764705882 0.023529411764705882 0.023529411764705882 0.023529411764705882 0.023529411764705882 0.023529411764705882 
0.025974025974025976 0.03896103896103896 0.025974025974025976 0.06493506493506493 0.19480519480519481 0.22077922077922077 0.025974025974025976 0.025974025974025976 0.025974025974025976 0.025974025974025976 0.03896103896103896 0.025974025974025976 0.03896103896103896 0.05194805194805195 0.07792207792207792 0.05194805194805195 0.03896103896103896 
0.03125 0.03125 0.0625 0.03125 0.359375 0.140625 0.03125 0.03125 0.03125 0.03125 0.03125 0.03125 0.03125 0.03125 0.03125 0.03125 0.03125 
0.030303030303030304 0.045454545454545456 0.030303030303030304 0.045454545454545456 0.2878787878787879 0.07575757575757576 0.045454545454545456 0.030303030303030304 0.045454545454545456 0.06060606060606061 0.030303030303030304 0.030303030303030304 0.030303030303030304 0.06060606060606061 0.09090909090909091 0.030303030303030304 0.030303030303030304 
0.031746031746031744 0.031746031746031744 0.07936507936507936 0.047619047619047616 0.25396825396825395 0.06349206349206349 0.031746031746031744 0.031746031746031744 0.031746031746031744 0.06349206349206349 0.047619047619047616 0.031746031746031744 0.031746031746031744 0.047619047619047616 0.1111111111111111 0.031746031746031744 0.031746031746031744 
0.028169014084507043 0.028169014084507043 0.028169014084507043 0.028169014084507043 0.23943661971830985 0.09859154929577464 0.04225352112676056 0.028169014084507043 0.028169014084507043 0.056338028169014086 0.028169014084507043 0.04225352112676056 0.04225352112676056 0.056338028169014086 0.16901408450704225 0.028169014084507043 0.028169014084507043 
0.023809523809523808 0.023809523809523808 0.023809523809523808 0.08333333333333333 0.11904761904761904 0.30952380952380953 0.03571428571428571 0.03571428571428571 0.03571428571428571 0.047619047619047616 0.023809523809523808 0.023809523809523808 0.03571428571428571 0.03571428571428571 0.047619047619047616 0.047619047619047616 0.047619047619047616 
0.037037037037037035 0.05555555555555555 0.037037037037037035 0.05555555555555555 0.24074074074074073 0.037037037037037035 0.05555555555555555 0.037037037037037035 0.05555555555555555 0.07407407407407407 0.037037037037037035 0.05555555555555555 0.037037037037037035 0.037037037037037035 0.07407407407407407 0.037037037037037035 0.037037037037037035 
0.04 0.04 0.08 0.04 0.06 0.1 0.04 0.04 0.06 0.04 0.06 0.04 0.06 0.1 0.12 0.04 0.04 
0.04878048780487805 0.07317073170731707 0.04878048780487805 0.07317073170731707 0.07317073170731707 0.0975609756097561 0.04878048780487805 0.04878048780487805 0.04878048780487805 0.04878048780487805 0.04878048780487805 0.04878048780487805 0.04878048780487805 0.04878048780487805 0.04878048780487805 0.04878048780487805 0.0975609756097561 
0.046153846153846156 0.03076923076923077 0.03076923076923077 0.046153846153846156 0.12307692307692308 0.03076923076923077 0.03076923076923077 0.03076923076923077 0.03076923076923077 0.03076923076923077 0.03076923076923077 0.03076923076923077 0.09230769230769231 0.03076923076923077 0.06153846153846154 0.2923076923076923 0.03076923076923077 
0.017543859649122806 0.03508771929824561 0.043859649122807015 0.02631578947368421 0.02631578947368421 0.5526315789473685 0.017543859649122806 0.017543859649122806 0.017543859649122806 0.017543859649122806 0.02631578947368421 0.03508771929824561 0.017543859649122806 0.017543859649122806 0.05263157894736842 0.017543859649122806 0.06140350877192982 
0.07272727272727272 0.09090909090909091 0.03636363636363636 0.10909090909090909 0.03636363636363636 0.16363636363636364 0.03636363636363636 0.03636363636363636 0.07272727272727272 0.07272727272727272 0.03636363636363636 0.03636363636363636 0.03636363636363636 0.03636363636363636 0.03636363636363636 0.03636363636363636 0.05454545454545454 
0.02127659574468085 0.02127659574468085 0.0425531914893617 0.031914893617021274 0.0425531914893617 0.4148936170212766 0.02127659574468085 0.02127659574468085 0.02127659574468085 0.05319148936170213 0.02127659574468085 0.07446808510638298 0.02127659574468085 0.10638297872340426 0.0425531914893617 0.02127659574468085 0.02127659574468085 
0.05 0.05 0.03333333333333333 0.06666666666666667 0.03333333333333333 0.18333333333333332 0.06666666666666667 0.03333333333333333 0.03333333333333333 0.08333333333333333 0.03333333333333333 0.06666666666666667 0.03333333333333333 0.03333333333333333 0.13333333333333333 0.03333333333333333 0.03333333333333333 
0.037037037037037035 0.024691358024691357 0.037037037037037035 0.09876543209876543 0.18518518518518517 0.2345679012345679 0.024691358024691357 0.024691358024691357 0.06172839506172839 0.037037037037037035 0.024691358024691357 0.037037037037037035 0.037037037037037035 0.06172839506172839 0.024691358024691357 0.024691358024691357 0.024691358024691357 
0.02631578947368421 0.02631578947368421 0.02631578947368421 0.07894736842105263 0.18421052631578946 0.32894736842105265 0.039473684210526314 0.02631578947368421 0.02631578947368421 0.02631578947368421 0.02631578947368421 0.02631578947368421 0.02631578947368421 0.039473684210526314 0.02631578947368421 0.039473684210526314 0.02631578947368421 
0.028985507246376812 0.028985507246376812 0.028985507246376812 0.043478260869565216 0.2753623188405797 0.11594202898550725 0.043478260869565216 0.028985507246376812 0.07246376811594203 0.028985507246376812 0.028985507246376812 0.028985507246376812 0.028985507246376812 0.057971014492753624 0.10144927536231885 0.028985507246376812 0.028985507246376812 
0.04477611940298507 0.04477611940298507 0.08955223880597014 0.04477611940298507 0.08955223880597014 0.05970149253731343 0.07462686567164178 0.029850746268656716 0.05970149253731343 0.08955223880597014 0.07462686567164178 0.029850746268656716 0.029850746268656716 0.07462686567164178 0.04477611940298507 0.04477611940298507 0.07462686567164178 
0.07317073170731707 0.04878048780487805 0.024390243902439025 0.0975609756097561 0.0975609756097561 0.14634146341463414 0.036585365853658534 0.024390243902439025 0.036585365853658534 0.024390243902439025 0.06097560975609756 0.06097560975609756 0.04878048780487805 0.024390243902439025 0.13414634146341464 0.024390243902439025 0.036585365853658534 
0.06896551724137931 0.05172413793103448 0.034482758620689655 0.05172413793103448 0.034482758620689655 0.20689655172413793 0.05172413793103448 0.034482758620689655 0.05172413793103448 0.034482758620689655 0.034482758620689655 0.05172413793103448 0.05172413793103448 0.08620689655172414 0.05172413793103448 0.05172413793103448 0.05172413793103448 
0.04477611940298507 0.029850746268656716 0.029850746268656716 0.029850746268656716 0.208955223880597 0.16417910447761194 0.07462686567164178 0.029850746268656716 0.04477611940298507 0.029850746268656716 0.029850746268656716 0.05970149253731343 0.04477611940298507 0.07462686567164178 0.029850746268656716 0.029850746268656716 0.04477611940298507 
0.023809523809523808 0.03571428571428571 0.08333333333333333 0.023809523809523808 0.05952380952380952 0.05952380952380952 0.07142857142857142 0.023809523809523808 0.11904761904761904 0.023809523809523808 0.03571428571428571 0.07142857142857142 0.03571428571428571 0.07142857142857142 0.14285714285714285 0.047619047619047616 0.07142857142857142 
0.025974025974025976 0.025974025974025976 0.03896103896103896 0.03896103896103896 0.11688311688311688 0.33766233766233766 0.025974025974025976 0.03896103896103896 0.025974025974025976 0.025974025974025976 0.025974025974025976 0.05194805194805195 0.03896103896103896 0.05194805194805195 0.06493506493506493 0.03896103896103896 0.025974025974025976 
0.010362694300518135 0.05699481865284974 0.010362694300518135 0.02072538860103627 0.015544041450777202 0.6373056994818653 0.02072538860103627 0.010362694300518135 0.031088082901554404 0.010362694300518135 0.015544041450777202 0.02072538860103627 0.025906735751295335 0.02072538860103627 0.046632124352331605 0.010362694300518135 0.03626943005181347 
0.022388059701492536 0.04477611940298507 0.022388059701492536 0.022388059701492536 0.022388059701492536 0.5522388059701493 0.029850746268656716 0.014925373134328358 0.03731343283582089 0.04477611940298507 0.022388059701492536 0.022388059701492536 0.022388059701492536 0.029850746268656716 0.03731343283582089 0.029850746268656716 0.022388059701492536 
0.02127659574468085 0.02127659574468085 0.06382978723404255 0.09574468085106383 0.14893617021276595 0.14893617021276595 0.0425531914893617 0.02127659574468085 0.0425531914893617 0.05319148936170213 0.05319148936170213 0.05319148936170213 0.0851063829787234 0.031914893617021274 0.05319148936170213 0.02127659574468085 0.0425531914893617 
0.06349206349206349 0.047619047619047616 0.047619047619047616 0.031746031746031744 0.047619047619047616 0.3492063492063492 0.031746031746031744 0.031746031746031744 0.031746031746031744 0.06349206349206349 0.047619047619047616 0.031746031746031744 0.047619047619047616 0.031746031746031744 0.031746031746031744 0.031746031746031744 0.031746031746031744 
0.06349206349206349 0.06349206349206349 0.031746031746031744 0.06349206349206349 0.09523809523809523 0.15873015873015872 0.047619047619047616 0.031746031746031744 0.031746031746031744 0.047619047619047616 0.06349206349206349 0.047619047619047616 0.031746031746031744 0.031746031746031744 0.1111111111111111 0.047619047619047616 0.031746031746031744 
0.03260869565217391 0.03260869565217391 0.06521739130434782 0.03260869565217391 0.06521739130434782 0.30434782608695654 0.021739130434782608 0.021739130434782608 0.03260869565217391 0.06521739130434782 0.06521739130434782 0.09782608695652174 0.03260869565217391 0.03260869565217391 0.043478260869565216 0.021739130434782608 0.03260869565217391 
0.07142857142857142 0.03571428571428571 0.05357142857142857 0.05357142857142857 0.03571428571428571 0.14285714285714285 0.05357142857142857 0.03571428571428571 0.03571428571428571 0.10714285714285714 0.03571428571428571 0.03571428571428571 0.05357142857142857 0.08928571428571429 0.03571428571428571 0.05357142857142857 0.07142857142857142 
0.0297029702970297 0.019801980198019802 0.019801980198019802 0.09900990099009901 0.15841584158415842 0.33663366336633666 0.019801980198019802 0.019801980198019802 0.019801980198019802 0.019801980198019802 0.019801980198019802 0.0297029702970297 0.019801980198019802 0.0297029702970297 0.07920792079207921 0.039603960396039604 0.039603960396039604 
0.008097165991902834 0.016194331983805668 0.020242914979757085 0.04048582995951417 0.020242914979757085 0.7651821862348178 0.008097165991902834 0.008097165991902834 0.008097165991902834 0.012145748987854251 0.008097165991902834 0.016194331983805668 0.012145748987854251 0.012145748987854251 0.016194331983805668 0.008097165991902834 0.020242914979757085 
0.02531645569620253 0.05063291139240506 0.02531645569620253 0.02531645569620253 0.0759493670886076 0.4050632911392405 0.02531645569620253 0.02531645569620253 0.05063291139240506 0.02531645569620253 0.0379746835443038 0.0379746835443038 0.02531645569620253 0.02531645569620253 0.0759493670886076 0.02531645569620253 0.0379746835443038 
0.02666666666666667 0.02666666666666667 0.02666666666666667 0.02666666666666667 0.02666666666666667 0.4 0.02666666666666667 0.02666666666666667 0.04 0.02666666666666667 0.02666666666666667 0.06666666666666667 0.02666666666666667 0.02666666666666667 0.09333333333333334 0.04 0.06666666666666667 
0.03278688524590164 0.03278688524590164 0.03278688524590164 0.09836065573770492 0.06557377049180328 0.2459016393442623 0.06557377049180328 0.03278688524590164 0.03278688524590164 0.04918032786885246 0.03278688524590164 0.04918032786885246 0.03278688524590164 0.06557377049180328 0.06557377049180328 0.03278688524590164 0.03278688524590164 
0.031746031746031744 0.047619047619047616 0.047619047619047616 0.06349206349206349 0.07936507936507936 0.3333333333333333 0.031746031746031744 0.031746031746031744 0.031746031746031744 0.047619047619047616 0.031746031746031744 0.031746031746031744 0.031746031746031744 0.031746031746031744 0.047619047619047616 0.047619047619047616 0.031746031746031744 
0.07142857142857142 0.02857142857142857 0.04285714285714286 0.02857142857142857 0.04285714285714286 0.34285714285714286 0.02857142857142857 0.02857142857142857 0.04285714285714286 0.05714285714285714 0.02857142857142857 0.05714285714285714 0.02857142857142857 0.05714285714285714 0.04285714285714286 0.04285714285714286 0.02857142857142857 
0.034482758620689655 0.05172413793103448 0.08620689655172414 0.06896551724137931 0.15517241379310345 0.1724137931034483 0.034482758620689655 0.034482758620689655 0.034482758620689655 0.05172413793103448 0.05172413793103448 0.034482758620689655 0.034482758620689655 0.05172413793103448 0.034482758620689655 0.034482758620689655 0.034482758620689655 
0.03125 0.03125 0.046875 0.03125 0.21875 0.171875 0.046875 0.03125 0.03125 0.03125 0.03125 0.0625 0.09375 0.046875 0.03125 0.03125 0.03125 
0.028985507246376812 0.057971014492753624 0.028985507246376812 0.043478260869565216 0.2028985507246377 0.2028985507246377 0.028985507246376812 0.057971014492753624 0.028985507246376812 0.028985507246376812 0.057971014492753624 0.028985507246376812 0.057971014492753624 0.043478260869565216 0.043478260869565216 0.028985507246376812 0.028985507246376812 
0.029411764705882353 0.029411764705882353 0.04411764705882353 0.04411764705882353 0.10294117647058823 0.3382352941176471 0.04411764705882353 0.029411764705882353 0.04411764705882353 0.04411764705882353 0.029411764705882353 0.029411764705882353 0.029411764705882353 0.029411764705882353 0.058823529411764705 0.029411764705882353 0.04411764705882353 
0.038461538461538464 0.057692307692307696 0.057692307692307696 0.057692307692307696 0.11538461538461539 0.15384615384615385 0.057692307692307696 0.038461538461538464 0.038461538461538464 0.057692307692307696 0.057692307692307696 0.038461538461538464 0.038461538461538464 0.038461538461538464 0.057692307692307696 0.057692307692307696 0.038461538461538464 
0.031746031746031744 0.031746031746031744 0.06349206349206349 0.07936507936507936 0.1746031746031746 0.19047619047619047 0.031746031746031744 0.031746031746031744 0.031746031746031744 0.047619047619047616 0.031746031746031744 0.09523809523809523 0.031746031746031744 0.031746031746031744 0.031746031746031744 0.031746031746031744 0.031746031746031744 
0.05263157894736842 0.03508771929824561 0.05263157894736842 0.03508771929824561 0.05263157894736842 0.22807017543859648 0.05263157894736842 0.03508771929824561 0.03508771929824561 0.03508771929824561 0.05263157894736842 0.03508771929824561 0.03508771929824561 0.07017543859649122 0.10526315789473684 0.03508771929824561 0.05263157894736842 
0.020618556701030927 0.030927835051546393 0.020618556701030927 0.020618556701030927 0.1134020618556701 0.44329896907216493 0.020618556701030927 0.020618556701030927 0.020618556701030927 0.020618556701030927 0.030927835051546393 0.030927835051546393 0.030927835051546393 0.061855670103092786 0.05154639175257732 0.020618556701030927 0.041237113402061855 
0.04918032786885246 0.03278688524590164 0.03278688524590164 0.04918032786885246 0.09836065573770492 0.26229508196721313 0.04918032786885246 0.03278688524590164 0.03278688524590164 0.04918032786885246 0.04918032786885246 0.04918032786885246 0.03278688524590164 0.03278688524590164 0.08196721311475409 0.03278688524590164 0.03278688524590164 
0.05357142857142857 0.03571428571428571 0.03571428571428571 0.03571428571428571 0.07142857142857142 0.25 0.03571428571428571 0.03571428571428571 0.03571428571428571 0.05357142857142857 0.05357142857142857 0.03571428571428571 0.07142857142857142 0.05357142857142857 0.03571428571428571 0.05357142857142857 0.05357142857142857 
0.046153846153846156 0.03076923076923077 0.06153846153846154 0.06153846153846154 0.046153846153846156 0.23076923076923078 0.06153846153846154 0.03076923076923077 0.046153846153846156 0.046153846153846156 0.06153846153846154 0.03076923076923077 0.046153846153846156 0.09230769230769231 0.03076923076923077 0.046153846153846156 0.03076923076923077 
0.028985507246376812 0.028985507246376812 0.043478260869565216 0.043478260869565216 0.08695652173913043 0.37681159420289856 0.028985507246376812 0.028985507246376812 0.028985507246376812 0.028985507246376812 0.028985507246376812 0.028985507246376812 0.028985507246376812 0.07246376811594203 0.028985507246376812 0.043478260869565216 0.043478260869565216 
0.03278688524590164 0.03278688524590164 0.04918032786885246 0.08196721311475409 0.09836065573770492 0.16393442622950818 0.03278688524590164 0.03278688524590164 0.04918032786885246 0.03278688524590164 0.06557377049180328 0.04918032786885246 0.04918032786885246 0.09836065573770492 0.06557377049180328 0.03278688524590164 0.03278688524590164 
0.04918032786885246 0.08196721311475409 0.03278688524590164 0.03278688524590164 0.09836065573770492 0.22950819672131148 0.08196721311475409 0.04918032786885246 0.03278688524590164 0.06557377049180328 0.03278688524590164 0.03278688524590164 0.04918032786885246 0.03278688524590164 0.03278688524590164 0.03278688524590164 0.03278688524590164 
0.03076923076923077 0.03076923076923077 0.03076923076923077 0.06153846153846154 0.1076923076923077 0.2923076923076923 0.09230769230769231 0.03076923076923077 0.03076923076923077 0.03076923076923077 0.03076923076923077 0.046153846153846156 0.03076923076923077 0.03076923076923077 0.046153846153846156 0.03076923076923077 0.046153846153846156 
0.022727272727272728 0.045454545454545456 0.022727272727272728 0.07954545454545454 0.056818181818181816 0.4090909090909091 0.03409090909090909 0.022727272727272728 0.045454545454545456 0.022727272727272728 0.03409090909090909 0.022727272727272728 0.03409090909090909 0.03409090909090909 0.03409090909090909 0.022727272727272728 0.056818181818181816 
0.06896551724137931 0.034482758620689655 0.05172413793103448 0.06896551724137931 0.06896551724137931 0.1206896551724138 0.06896551724137931 0.034482758620689655 0.034482758620689655 0.034482758620689655 0.05172413793103448 0.034482758620689655 0.034482758620689655 0.15517241379310345 0.05172413793103448 0.034482758620689655 0.05172413793103448 
0.05714285714285714 0.04285714285714286 0.04285714285714286 0.04285714285714286 0.05714285714285714 0.2857142857142857 0.04285714285714286 0.02857142857142857 0.02857142857142857 0.05714285714285714 0.05714285714285714 0.04285714285714286 0.05714285714285714 0.02857142857142857 0.04285714285714286 0.02857142857142857 0.05714285714285714 
0.0392156862745098 0.058823529411764705 0.058823529411764705 0.058823529411764705 0.09803921568627451 0.11764705882352941 0.0392156862745098 0.0392156862745098 0.0392156862745098 0.058823529411764705 0.0392156862745098 0.0392156862745098 0.058823529411764705 0.0784313725490196 0.058823529411764705 0.058823529411764705 0.058823529411764705 
0.043478260869565216 0.043478260869565216 0.06521739130434782 0.10869565217391304 0.08695652173913043 0.06521739130434782 0.043478260869565216 0.043478260869565216 0.043478260869565216 0.043478260869565216 0.043478260869565216 0.043478260869565216 0.08695652173913043 0.043478260869565216 0.10869565217391304 0.043478260869565216 0.043478260869565216 
0.03076923076923077 0.03076923076923077 0.046153846153846156 0.06153846153846154 0.046153846153846156 0.16923076923076924 0.03076923076923077 0.03076923076923077 0.046153846153846156 0.1076923076923077 0.03076923076923077 0.03076923076923077 0.06153846153846154 0.06153846153846154 0.15384615384615385 0.03076923076923077 0.03076923076923077 
0.061224489795918366 0.04081632653061224 0.04081632653061224 0.061224489795918366 0.10204081632653061 0.10204081632653061 0.04081632653061224 0.04081632653061224 0.04081632653061224 0.08163265306122448 0.04081632653061224 0.04081632653061224 0.061224489795918366 0.08163265306122448 0.061224489795918366 0.061224489795918366 0.04081632653061224 
0.03333333333333333 0.03333333333333333 0.03333333333333333 0.08333333333333333 0.08333333333333333 0.21666666666666667 0.03333333333333333 0.03333333333333333 0.03333333333333333 0.06666666666666667 0.03333333333333333 0.05 0.03333333333333333 0.06666666666666667 0.05 0.06666666666666667 0.05 
0.05084745762711865 0.03389830508474576 0.06779661016949153 0.05084745762711865 0.05084745762711865 0.0847457627118644 0.06779661016949153 0.03389830508474576 0.03389830508474576 0.1016949152542373 0.06779661016949153 0.06779661016949153 0.06779661016949153 0.06779661016949153 0.06779661016949153 0.03389830508474576 0.05084745762711865 
0.05405405405405406 0.05405405405405406 0.05405405405405406 0.05405405405405406 0.08108108108108109 0.05405405405405406 0.05405405405405406 0.05405405405405406 0.05405405405405406 0.05405405405405406 0.05405405405405406 0.05405405405405406 0.05405405405405406 0.05405405405405406 0.10810810810810811 0.05405405405405406 0.05405405405405406 
0.0425531914893617 0.0425531914893617 0.0425531914893617 0.0425531914893617 0.0425531914893617 0.14893617021276595 0.0425531914893617 0.0425531914893617 0.0425531914893617 0.1702127659574468 0.0425531914893617 0.06382978723404255 0.0425531914893617 0.06382978723404255 0.0425531914893617 0.0425531914893617 0.0425531914893617 
0.0392156862745098 0.058823529411764705 0.0392156862745098 0.0784313725490196 0.058823529411764705 0.058823529411764705 0.0392156862745098 0.058823529411764705 0.0392156862745098 0.0392156862745098 0.058823529411764705 0.17647058823529413 0.0392156862745098 0.0784313725490196 0.058823529411764705 0.0392156862745098 0.0392156862745098 
0.05102040816326531 0.02040816326530612 0.02040816326530612 0.08163265306122448 0.030612244897959183 0.05102040816326531 0.030612244897959183 0.030612244897959183 0.02040816326530612 0.030612244897959183 0.10204081632653061 0.23469387755102042 0.04081632653061224 0.030612244897959183 0.030612244897959183 0.04081632653061224 0.15306122448979592 
